 0.633408577709    5.11673843808    0.570544881744    32.7059223542    
0.891407763802    7.76621810906    0.861069378275    33.0060677823    
0.801862698847    5.67927108725    0.794818793237    32.70965507    
1.06719836678    5.35341424421    0.978314373646    32.6290572627    
0.677028227898    7.44234254715    0.644395260544    33.0584825101    
0.84679480979    5.33494206594    0.8770957495    32.7076736173    
1.15587723468    5.4351376072    1.03298639121    32.3878678768    
0.377989507453    6.55559748417    0.360893240163    33.2994407958    
1.22878242034    6.85977876771    1.15704785347    32.7730758079    
0.76936337822    26.0808499275    0.700597808808    33.8492936492    
0.470209939683    8.70046585069    0.644504283901    33.3697228397    
0.648908497627    6.19659312077    0.679957865789    33.7426850601    
1.13108337772    6.05106373858    0.979961421351    32.9542878929    
0.345342184439    6.0289627248    0.189280276787    33.3836324178    
0.836134141142    6.19756225335    0.638400069956    33.1129363406    
0.952429828907    5.68640609236    1.03362211903    32.7658087014    
0.914753006183    7.96700853556    0.932148563311    33.3044794422    
1.03317034848    5.07022804455    1.21055183817    32.8500995711    
0.356412415292    6.22234934851    0.456098471142    33.2310854592    
0.903472199921    6.6750193385    0.898834207505    33.0576485508    
0.440245944763    5.39745943695    0.473602535501    33.2355537841    
0.806172320295    5.75120874577    0.888295806123    33.1152799528    
1.12829301902    7.05606962094    1.09559215611    33.3292079451    
0.887403813997    5.34120271809    0.857550257444    32.5834534467    
1.21715980607    6.25172280031    1.03844466062    32.9286378092    
0.420308642906    8.46379018416    0.324252957393    33.4661990886    
0.405647090548    10.9770419314    0.424130920283    33.2929809629    
0.849501625965    6.46734352534    0.854058503642    32.9558068449    
0.557822866237    7.23078199922    0.705653973589    33.240658323    
1.05511458944    7.20497429021    0.925928310414    33.3014870256    
0.892910648982    7.92982336055    0.779941755903    33.4081083437    
0.768862594176    8.09399939313    0.717467710165    33.0008930532    
0.529595262414    6.01094801785    0.556660751386    33.1388598649    
0.392244205732    10.3801913328    0.314135403716    33.5558687086    
1.15992788045    8.47463298956    1.00101172379    33.6883245719    
1.16454006794    7.42981470173    1.16628065284    33.0734345782    
0.664557185111    7.03439269759    0.60161324689    33.4876294594    
0.473032298707    6.83413637013    0.53943507122    33.2823782272    
0.931875757904    5.76567859224    0.791981285994    32.9802508409    
0.974476413287    5.1912789685    1.04339972346    33.2971826295    
0.395718592909    6.5058295826    0.543438621562    32.9982467594    
0.740003592609    6.2565622237    0.782607144983    33.3693578931    
0.714062471299    5.12818797753    0.738568963396    32.5868185484    
0.712222545527    5.79787418315    0.66554326993    32.7864099974    
0.311492891545    5.15555843042    0.425701133393    33.0692455908    
0.680371638075    8.24157110277    0.601151403868    33.2348876408    
0.387251993051    9.24181792425    0.329902045341    33.4765796479    
0.999553506688    5.20422138446    1.03279831603    33.0964011126    
0.898586690727    6.28233817864    0.849954421348    32.7771735489    
0.622354587918    5.15546458544    0.512397132693    32.9769942098    
0.790091535216    5.50289940794    0.64737312653    32.9696321582    
0.719198650476    5.95749298731    0.827677021715    33.1395023618    
0.941310957017    6.62473170793    0.988668128518    33.140600489    
0.667432163077    5.90655113679    0.693139211271    32.9957732751    
0.43408178681    5.95658898022    0.588726099386    33.1689450346    
1.19498673314    6.04427093924    1.13598329981    33.0431198419    
1.10758918081    5.03934769896    1.11692668608    32.6732442541    
0.637930078061    6.0873581236    0.646742676695    33.0942314669    
0.805465815244    6.72986641887    0.828585770704    33.2259619535    
0.610825824252    8.8867995685    0.558505873333    33.5350467402    
0.448078014692    20.847128121    0.630503562112    34.1675224293    
0.539085511091    6.46893646057    0.561542514758    33.0479701504    
0.796065593949    5.22686637525    0.600995866193    32.6449328428    
0.942195441634    5.1803545747    0.907024970302    33.0176423629    
0.946226629606    5.14155980233    1.01157628959    32.9538270036    
0.755198360007    5.02973947972    0.923340418007    32.5050471985    
0.7775940621    10.027816179    0.790118387651    33.7829965268    
1.03632778926    8.08821887021    0.909152014246    32.9444817706    
0.729354627016    6.40343013244    0.570500941368    33.2034648932    
0.519900498302    9.76948047631    0.546777356093    33.8085513454    
0.600351218103    6.27406333687    0.744225757781    33.0193915475    
1.05883598841    8.37756767393    1.08203755719    33.2120094657    
1.20452093185    5.98707839462    1.28201339972    32.4157791077    
0.59303098412    7.64166263419    0.733029129368    33.4594312487    
0.626620335788    5.86005807153    0.716503522273    32.9450918187    
0.556731306288    7.28875320691    0.66229673833    33.2360402748    
0.445880836878    5.64042202519    0.481005635577    32.7608895191    
0.490769939733    6.45557672633    0.506983633465    33.0528241502    
0.560338213983    5.55170829543    0.506752942263    32.6925922534    
0.502947268925    12.6587010448    0.657250996209    33.6617990055    
1.06675503921    5.85208558556    1.05025863746    32.9903722924    
0.541582473587    12.0536120724    0.607436459968    33.8456126091    
0.579691484709    5.7502561265    0.562949415703    32.9024717548    
0.948557167454    6.13086611309    1.02497661905    32.7373268482    
0.596612775335    5.5500528709    0.50393242252    33.4299364527    
0.603484006665    5.07263510297    0.65305246597    32.8125571731    
0.468774279471    7.86705913078    0.491677157848    33.3076687347    
0.588958503119    5.5102623555    0.744821573004    33.2772982463    
0.727193270794    5.71692502268    0.768048641181    33.5838252599    
0.675743001744    6.23722093593    0.631844016014    33.1096870811    
0.881170365382    6.47731045845    0.879779268676    32.998543689    
0.355523407473    6.53530981322    0.318874572236    33.2049412057    
0.350220419665    5.81476328243    0.350034656745    33.3263649567    
0.795775837501    6.95863569629    0.776862334672    33.252335248    
0.441113037001    11.01161929    0.471255096165    33.8663000824    
0.934047120177    5.22009153328    0.940691055162    32.5672934514    
0.341570146311    9.31935507937    0.382635809046    33.6111636595    
0.782970949968    8.94535842744    0.703442649777    33.1398254278    
0.886428541568    5.03805012622    1.03702871118    32.5492180492    
0.979846470129    6.12861375208    0.916757412113    32.8690597346    
0.538180177799    6.6115052923    0.451347023759    33.6115529672    
0.661631117087    6.47532415631    0.557749132721    33.0769598406    
1.01897565026    8.84613222869    0.98853882195    33.517105704    
0.828516350647    6.50158021586    0.878826559508    32.9827885402    
0.990130821836    6.40727255551    0.988633656907    32.8246780513    
0.491965187485    5.73841595579    0.483570745433    33.1320718949    
0.96094937964    5.86518190001    0.97330033576    32.9775030545    
0.970928405511    6.88991939051    1.06900810983    33.1654839038    
0.605412221423    5.12682934485    0.686072177024    32.7798042497    
0.42166344016    6.41925859103    0.490298772089    32.7597552408    
1.00053601009    6.37714752639    0.826552459363    33.5027672526    
1.17703486726    6.00245655725    0.981112210774    32.5969959534    
0.877676782084    5.17073529285    0.889984035834    33.0682957289    
1.26508201483    7.23902418724    1.2633067278    33.0537979992    
1.12628701656    5.23908483238    1.02385452367    32.6448368853    
1.04352414426    5.13151553283    1.07434228871    32.6651187581    
0.554437965799    8.31842720359    0.519734974171    33.4661004053    
1.29649582555    5.18164376686    1.31975802459    32.4418311519    
0.429607892057    7.77014396199    0.385656789434    33.1961851422    
0.484928216631    5.03152878368    0.460818233437    33.1562648677    
0.93045243507    8.82557791692    0.817711737602    33.5429499918    
0.864804934584    7.92557547889    0.912894560196    32.9173266017    
1.021361737    5.74092753426    1.24804990384    32.9914880364    
0.947001747488    5.64719260955    1.03599932958    32.7863579045    
0.732250740031    8.30284201005    0.677292349801    32.8292389633    
0.538236291427    8.50554811924    0.603873069398    33.2487914083    
0.642973310791    6.05922459619    0.716658263731    33.3990320542    
0.532156597225    16.4962294418    0.522353752291    34.2294488181    
1.21139413169    9.54346308653    1.10344055167    33.0905843483    
0.891814532309    8.42868547175    0.986916926994    33.4175371411    
0.927576531676    5.02793145618    0.779666715268    32.9882765475    
1.07271514135    5.62391098217    1.01633519162    32.5760203941    
0.836674081684    5.0378935806    0.828730951376    32.7956422998    
0.630137742765    5.86760035808    0.612942743733    33.1056845176    
1.17547870114    5.72274994874    1.25033975256    32.4010959575    
0.828745275469    5.84090610539    0.780408189739    32.9216526412    
0.799218122379    7.28259204492    0.712424872718    33.5360639552    
0.40144467099    5.86803058094    0.387566320192    33.1996367716    
0.677108186069    5.73271985168    0.69095624073    32.8916526442    
0.435980896934    8.37013481547    0.479029143527    33.522698757    
0.658285635314    6.69994216575    0.642004328034    33.4411289019    
0.601051524042    5.0323611517    0.562688897273    33.1428203321    
0.713218760476    6.37702832663    0.657185683888    32.9058618237    
0.774848313163    6.25206614739    0.721766123007    33.2573862834    
0.699179733467    5.92375035583    0.78178280135    33.0887150418    
0.941813087649    9.0844639547    0.878601655471    33.4267881396    
0.43519524337    5.3787557077    0.352919684962    33.2597810668    
0.607074966081    5.60858800893    0.612764867338    33.179612161    
0.626338561426    6.74786324159    0.585492203762    33.259373572    
0.300087364036    12.7683910307    0.269833773561    33.6887441916    
0.940364221399    6.46978074345    1.06174272225    32.948712102    
0.72195817254    5.70206078045    0.753760922282    32.668445477    
0.461169415193    8.29213006116    0.429338453481    33.729659468    
0.561524230326    5.01370832297    0.605378514559    33.2960089654    
0.502052393181    6.90480069982    0.597065908033    33.295798631    
1.18300843431    7.49585182903    1.15377553319    33.3118151769    
0.66532886863    5.91261547095    0.692546577196    32.8529120125    
0.543985131525    7.63227619169    0.570399864909    33.4341515766    
0.775187808946    7.26590856526    0.770797532922    32.8975164433    
0.51802355288    5.17742227495    0.697404040148    32.6080450946    
0.409841347842    5.23799435616    0.347034293809    32.6254642345    
0.886359103574    5.85856550302    0.886268976763    33.0089922573    
0.634108178427    5.35894161509    0.529519751049    32.4910399341    
1.11321018381    9.62503390736    1.03960214657    33.1714431951    
0.769926795673    7.67311312672    0.659249793101    33.3660692233    
0.929645865351    6.64425067537    1.10801667827    33.1176986542    
0.311400707385    10.8214909635    0.316467681994    33.9802486832    
0.395107699397    5.51436137317    0.376065223168    32.7312517017    
0.75286111924    9.25506318176    0.674436678526    32.9429238072    
0.800394398332    5.71663933475    0.70949997714    33.0499037272    
1.2558303862    5.51101510209    1.19553789363    32.7803211482    
0.5599172615    6.51263043179    0.507478860831    33.5327876065    
0.706711943269    5.45527461325    0.564316691744    32.6857755178    
0.340293733278    6.53458880614    0.32436981484    33.4787536271    
0.979502434154    6.18980597247    0.930948542632    32.5574995772    
0.511285310515    5.13570638657    0.447104674651    33.2051761577    
0.6538656107    5.10630067172    0.560011403703    32.432895213    
0.662991189469    8.40852516051    0.766053296115    33.1694896075    
0.573620319253    7.04504447906    0.733812982583    33.2004332289    
0.881537121289    5.10812245433    0.778646596245    32.8668245945    
0.555295950878    5.61997970363    0.737192639917    32.6420648186    
0.567278758029    5.24061969555    0.662493842608    33.0476706709    
0.992456037289    6.70478811004    0.947548413017    32.8050100484    
0.61796655381    6.82858729227    0.541565761036    33.326137068    
1.0017235322    8.95975093054    0.904015510103    33.254316298    
0.533842050175    5.03375574792    0.554359910751    33.0826666412    
0.606372319248    6.18123997706    0.545729696868    32.9897351294    
0.750980163697    11.310877534    0.771397046459    33.5950700587    
0.79782566055    6.13493330327    0.812959282457    33.1530592015    
0.386007098639    5.7131108313    0.306514311497    33.5930072431    
0.361624468881    8.40233875033    0.307366088435    33.4490277175    
0.808202693838    5.00050834867    0.729241019469    32.9774831547    
0.339097918045    8.12126941158    0.316745020144    33.2334342558    
0.584494381305    5.8057994793    0.580844545013    33.4611679939    
0.711764417213    7.07336680799    0.671569103301    33.1182248018    
0.571761684459    5.01455429331    0.653473165602    32.7921695308    
0.31913218479    6.70015235154    0.347857325124    33.3792582573    
1.27231630793    5.54774256463    1.18746303456    33.0225248557    
0.703161175982    10.2403960285    0.778709434551    33.3304120377    
0.782507447273    6.87981042855    0.809716052397    32.6668899201    
0.97719632632    11.0269813012    0.845360748693    33.2917359788    
1.00392840157    11.8507278883    1.1484634857    33.4176236388    
0.341066560902    5.48661808483    0.278994023876    32.8935339807    
0.496324334878    5.16678884879    0.584270199183    33.1289141065    
0.742880832136    6.73926061707    0.79201455447    33.1444377333    
0.746998733196    7.44763015559    0.767736085809    33.6751155722    
0.420887171275    8.69985120447    0.337567921592    33.4570774123    
0.977487054417    7.47562543117    0.770574901623    33.1549551417    
0.683529068017    7.88721529742    0.587218393521    33.8395243878    
0.367798340427    5.58571822205    0.414731913515    32.8384936712    
0.93465209474    6.02971649597    0.985438231461    32.9098585022    
0.350235347971    17.944046517    0.292605721754    33.9048318556    
1.23987910443    5.88497099108    1.34509876955    32.9803797943    
0.561720176374    5.05518663179    0.59666170773    33.0463933123    
0.750116397398    6.35012230724    0.5656454947    33.1036988272    
0.51827200125    6.37996025543    0.477400111115    33.1805199268    
0.421881760557    8.22591599265    0.519633613477    33.538352571    
1.15231343993    6.90277270788    1.06517907422    33.2538429955    
0.920768879535    9.69453220637    0.916667859519    33.0264953669    
0.607952394589    8.43255461732    0.751463526638    33.0420104616    
0.645420748817    6.69240179739    0.666253624959    32.821756612    
0.712920061671    7.1478151689    0.5274961898    33.1408162022    
0.552174620536    8.1339273154    0.513789202831    33.5827963387    
0.552497209099    5.45563999432    0.629381619041    33.4999059416    
0.953173019061    6.19881495539    0.935687525671    32.8362117277    
0.600838312162    6.01060370574    0.550886002565    33.1943388378    
0.456705643403    9.78354679436    0.468523694187    33.2454471237    
1.1792222598    7.38801434808    1.18308718559    32.7909895221    
0.672241113939    7.03179869002    0.718379097122    32.9399641228    
0.983022139357    5.56303242259    0.966886660331    33.0203474091    
0.393761463449    5.36321112864    0.412851939274    32.8043830924    
0.900776402494    5.32604584099    0.896761324104    32.7480071155    
0.588284186577    9.26827133068    0.454793237436    33.7027071752    
0.317376471434    6.70199847752    0.402965849713    33.0187575649    
0.705831044171    9.4564731205    0.792894468419    33.5438120862    
1.19673134102    5.13386490226    1.24328643879    32.7926790544    
0.363592039146    6.63817840629    0.383661040987    33.7008657945    
0.793993368196    13.7980606388    0.717827425648    33.6601464967    
0.681124422206    8.07595348547    0.699329066408    33.2408928    
0.503551397528    5.07876146513    0.455908851648    32.6163314919    
1.15350922244    5.26171496432    1.17722969918    33.0998017556    
0.544923790534    6.1513341142    0.518885829314    32.8600293319    
1.1720244796    5.21056834921    1.16821369183    32.695285957    
0.417585387498    7.80527105631    0.353025924929    33.3885389498    
0.827797989363    5.63427802906    0.882672093368    33.2995988018    
0.868184145286    7.57467165788    0.783957271211    33.0325851668    
0.34787542064    5.01425839618    0.400882524581    33.0388655536    
0.536769904654    5.08971251836    0.640156263271    32.9123259734    
0.446819501091    8.65565601555    0.503515201729    33.0225627527    
0.909543562449    7.17817436422    0.897624857301    33.1633079221    
0.884786700088    13.2812014132    0.939881045011    33.1111261149    
1.09277164575    7.54705334213    1.01480313344    33.3379516436    
0.324187221959    7.10096897345    0.364042574413    33.0698293195    
0.539331748853    7.68048412379    0.526597151259    33.3621150763    
1.0103121919    5.17407348622    1.18198548626    33.0187067114    
0.441379376819    6.49136085842    0.511648492363    33.3471804123    
0.811157391496    7.05336824658    0.792684640809    33.4634617294    
0.564201783228    5.54399262756    0.664286485895    32.964476825    
0.695123559089    6.67604701799    0.624227512141    33.3635376454    
0.423461132982    7.9118795175    0.411554085899    33.5179053366    
0.491115524062    5.29317158071    0.610292449703    32.6890027132    
0.821254941912    5.82627021648    0.875546438246    32.39919557    
1.07227310372    5.55322657828    1.10840684728    32.9234088106    
0.752314441277    9.53771451287    0.849433805529    33.365872834    
0.496803781036    5.11002206304    0.486789464329    32.3530089114    
1.21054407306    5.70877710576    1.25152542254    32.639008318    
0.62027534581    5.15005628049    0.594041802674    32.90924933    
0.460464629694    5.14097466929    0.522928116662    33.2475456186    
0.580144378881    5.59598124747    0.591349494677    33.1483744879    
0.720870968073    5.75499946097    0.692494519536    32.9945092028    
0.861677376297    6.00537425322    0.804787530254    32.9607189169    
0.428224311091    6.32806035654    0.371705842795    33.4073322909    
0.70874008087    8.25243389266    0.714578446006    33.2338290618    
0.567737647298    8.02591443528    0.609300558074    32.7437361888    
0.903199089438    6.00953944745    0.927739337236    32.8292838796    
1.10818338881    7.87207144733    1.09627851957    33.0481304508    
0.81140149918    6.21297328669    0.80636954473    32.5992832534    
0.409943221325    5.88320185496    0.516132584896    33.3379525572    
0.771649220288    5.47120758219    0.959171563545    32.7964153877    
0.394915695858    8.64946499505    0.493576108448    33.3110095059    
0.786282065612    5.17393213126    0.935502380857    32.6528064908    
1.03140291126    5.09064204398    1.03292723434    32.7815523349    
0.571910611516    5.01671223554    0.540246486657    32.785315411    
0.598267634855    22.6952920811    0.596381966405    34.1994483619    
1.27888501466    5.01777900439    1.28414072092    32.4228306604    
0.657814411333    5.35229496236    0.67399203131    32.8923374583    
0.504724169367    10.0256461079    0.603965088708    33.633085215    
1.21896704173    9.19948098079    1.23696177076    33.1177930256    
0.757076687137    7.83319237741    0.71855169191    33.6151828757    
0.708623981166    7.54381314116    0.654736964469    33.2276013538    
0.843620085881    8.06636168435    0.768506847144    32.9249375284    
0.463686992671    5.6632019549    0.506203427938    33.5191302194    
1.15860651509    7.72217498655    0.976068026514    33.6676181658    
0.368377105979    10.1095771789    0.478713662942    33.3968063335    
1.08711555019    5.01018738144    1.2206369663    32.5064302445    
0.926685949271    6.61246686083    0.891023702284    32.8976480363    
0.524941773682    7.04511424749    0.411677631081    33.7390772866    
0.943543187037    5.56841793409    0.88462865094    33.1297241704    
1.30108219791    5.25648409985    1.37272124041    32.9273083172    
0.583871499395    5.03307453315    0.477321902924    33.210479005    
0.624338358324    5.31168361117    0.681650956692    32.7770514973    
0.584423437165    8.90665376545    0.645331232737    33.4936429383    
0.883601571283    5.37602131644    0.706221586013    32.9414821584    
0.419685568812    5.31096706566    0.477814799448    33.2526456607    
1.00993010916    5.02098903833    0.953405514004    32.4813549708    
0.328499123251    5.3604716472    0.336023001604    32.5848478177    
0.750667325758    6.39014582644    0.734207220886    32.767671595    
0.333897267769    13.0690876901    0.370738938828    33.4853628146    
0.51420084483    5.77761059486    0.500374017233    32.9921279443    
0.388846444337    5.7231660657    0.357425411879    33.202609939    
0.577746369201    5.42546186884    0.63578536815    33.3946448736    
0.906022745701    8.48501936576    0.771135094147    32.9504668353    
0.782801696958    10.1449178109    0.757212463362    33.5212125692    
0.756442799578    7.3408894832    0.912848792318    33.2049713758    
0.378486792442    9.06124493747    0.327495960983    33.871758946    
0.606346795505    7.37025984428    0.641953913969    33.4442940178    
0.376206303612    14.3486251822    0.502126565686    34.1704141945    
0.339217095281    6.20979743988    0.294107996484    33.0568330842    
0.56437165699    6.3839778996    0.46913137128    33.5157898681    
0.36220916144    7.47466117725    0.558895541948    33.6879000958    
0.532552797007    6.41837234256    0.577883289526    33.4493392529    
0.913238722795    5.52296912312    0.792479690837    32.9963018482    
0.797534068434    5.35008816299    0.916824936158    32.7180233451    
0.39198636516    5.68259288881    0.45072140195    32.9329950625    
0.799478322973    8.24621639237    0.9007524628    32.9554713563    
0.577653260458    5.16616425639    0.651378436929    33.0265435409    
0.956263196778    11.3480448112    0.838253340146    33.7172050161    
0.711064120805    5.27115918753    0.645129915082    32.4893801446    
0.739758916181    5.90150866012    0.658775624565    32.6491589604    
0.656168802021    6.15555697613    0.59810792728    32.9379185154    
0.726178772211    9.07830813956    0.711236777894    33.3475250155    
0.388240496325    6.91169536436    0.364934975959    33.2116475751    
1.13185519698    10.5690648255    0.979900940738    33.5256056043    
0.802343728294    7.35207446238    0.803224853493    33.2575547867    
0.43227379005    7.21979485772    0.369043250392    33.6159677758    
0.548299319164    10.5014278425    0.511185236445    33.6898120639    
0.504040643674    6.0535876777    0.464729790428    32.8592316476    
0.391271312598    6.29317803767    0.374516042872    32.833692895    
0.485133037607    6.35975030381    0.414453490234    32.759049036    
0.879359475214    5.46458906251    0.82207116627    32.6629207735    
0.597332413145    5.34225038942    0.49673586699    32.7315051397    
0.455021051535    6.1851869483    0.388617454068    33.0991320699    
0.58302444265    7.02039259674    0.631442508104    32.9597988201    
0.507749508663    7.790596367    0.464640283476    33.3833345839    
0.575499509347    7.17236196745    0.628309074824    33.4265307359    
0.588257189381    7.10946404543    0.728110276959    33.0389445021    
0.495774750824    6.74413724651    0.722370413982    33.3894136482    
0.411316090463    5.33740641609    0.428894728372    33.32716374    
0.861525805653    5.05403252658    0.790114111773    32.9258302768    
1.00907190312    8.02102198738    0.909217791698    33.1923965862    
0.302581186891    6.22370614058    0.283474585772    32.7414310901    
0.393614455942    5.44062558347    0.42672078024    32.8120740045    
0.60591468885    6.95817250872    0.696142342208    32.8513968884    
0.680470656301    8.49845634912    0.61753747515    33.6206569446    
0.734432012145    5.16429406968    0.728579812056    32.8382539089    
0.78327501943    5.54848370061    0.669558893627    32.7589376069    
0.882650096467    5.53985773293    0.76204615592    32.7842241384    
0.859017960306    6.20798322154    0.894761421491    33.2940851273    
0.600950955039    5.11134165515    0.718282240032    32.7968993853    
0.402023431075    6.08371258153    0.452403029028    33.0402208668    
0.502176394558    6.24191162357    0.585662816752    33.2441730172    
1.28629979935    5.36536490505    1.08009245076    32.856853852    
0.855445766017    7.3598166765    0.913692433225    33.3159572206    
1.29173637629    6.31401209314    1.10972311889    32.804243754    
1.00930827959    5.26429841977    0.987213810715    32.7320116455    
0.550612369645    5.11227648742    0.663294498374    32.9463793777    
0.370790644226    6.32205814518    0.392170044611    33.2190887801    
0.715265211236    6.39765745677    0.762949894605    33.350185602    
0.73379839743    12.0473663106    0.633482876335    33.6749265971    
0.403892135449    5.19480553323    0.41515836303    32.8244880023    
0.401259072511    9.63511503504    0.401005309364    33.5911886288    
1.27346377616    6.08389239822    1.3364192906    32.706679972    
0.762304222898    6.26261134509    0.700097896182    32.5694684424    
0.67746778319    5.24043397366    0.83814794075    33.0180785457    
0.55207393006    5.23595839359    0.651813024809    33.1908035078    
0.85771800447    5.97752916006    0.805054608254    33.5254443968    
1.30859531569    5.32158168394    1.43512675637    32.8575956847    
0.510461067374    5.22683981463    0.641696117705    32.6979368086    
0.450305206418    6.30116008272    0.375570343199    33.2675657843    
0.60204535623    5.4846775773    0.599680635961    32.6066621153    
0.807036298505    5.88469702414    0.939296315633    33.2341489531    
0.623466050901    9.98263625939    0.596139020596    33.3466817444    
0.858193778018    5.21452955713    0.798182859857    33.1232821297    
0.901789098619    5.26979439019    0.764304855118    33.4794796188    
0.918637869918    6.7509543939    0.925861290712    33.1437676207    
0.413621821014    8.18695629549    0.425304047964    33.388346922    
0.764999917936    5.56605950464    0.845251328091    33.1686615842    
0.430316293761    6.12911594452    0.400801573649    32.9811771073    
0.458827029766    6.03070340023    0.586857706498    32.762646691    
0.668957878415    7.35502812564    0.759970707933    32.8967860623    
0.686139442548    11.0551001139    0.674285353222    33.534163742    
0.886786203016    5.30665924853    0.804786225575    32.8053019552    
0.738248621614    6.038778394    0.742006014782    32.9887872261    
0.40322840247    6.46604883915    0.482029096279    33.2279235671    
0.718394214077    5.00903527356    0.579311268257    32.653197898    
0.682671080338    6.1897437152    0.605603938488    33.3683178039    
0.382525013659    9.46110054217    0.400814248176    33.7243804542    
0.680419371669    5.23027694259    0.59787096371    32.888335955    
0.660544527368    7.93867572518    0.618471752754    33.3385573715    
0.590617927282    6.18723701432    0.525136989165    33.0238830664    
0.94889465009    5.46406850696    1.03481756781    32.601346189    
1.07869559458    6.24049798067    0.964237453139    32.8755410115    
0.986725761685    8.12384028522    0.779395145289    33.188468198    
0.442354069593    5.29675886919    0.397357168039    33.1928797629    
0.516264762842    5.62981627736    0.516225845116    33.0579890034    
0.692042518766    5.06095068715    0.664914756369    32.7321474964    
0.769472265773    6.07402423559    0.592690154421    32.7823201245    
0.618951934827    7.6263166302    0.693705293791    33.1475191264    
0.710183585262    9.64020603603    0.60734641601    33.39412325    
0.683730190019    10.8830548007    0.559938327439    33.6973469848    
1.20295159902    6.05698070232    1.12069606778    33.0068027548    
0.686865707048    5.81111908379    0.660335841406    33.2053776861    
0.778477478936    5.12615736646    0.74412007443    32.9767438086    
0.833411764398    5.35916438456    0.857497935001    32.9304865168    
0.688639862276    5.99063902826    0.668682913286    33.2110040142    
0.780149553862    7.21609401436    0.942573208389    33.2618035435    
0.703006610388    6.81477475543    0.735100607305    33.0417882844    
0.967105358435    9.55390099715    1.00306061719    32.781082982    
1.05257908566    7.86118552353    1.10323031826    33.2079047942    
0.76980421364    8.18673317387    0.654954292315    33.4440306654    
0.358290838585    15.030127761    0.395161659686    34.0133557708    
0.375869658901    5.08963000466    0.421245729109    32.8950033916    
0.720151555252    8.12382630542    0.685011329406    33.4299630163    
0.648165117524    5.88031649303    0.569816178964    32.6683479444    
0.409301430894    11.6050192396    0.46319316368    33.4636703483    
0.755900465729    5.99970727715    0.807390516852    32.7943261483    
0.907500639715    6.20222142125    0.890978427986    33.4916530887    
0.712982511973    5.31905372037    0.619365940529    32.3584753401    
0.867440008755    9.07783439652    0.751780646762    33.596285714    
0.735477095096    5.07251107949    0.781255994868    32.4948940892    
0.595221107062    6.10686011225    0.418493697123    33.4315189949    
0.781921827088    9.46631786143    0.775452789959    33.2541227952    
0.424181463017    5.22928786585    0.4794913159    32.7008934809    
0.711618715777    6.29204476318    0.570114357951    33.4914508307    
0.704513907801    6.38785707735    0.919200093861    32.6385391493    
0.366459921631    6.02314461167    0.506341976064    33.0081534711    
1.06921718491    7.75112952238    0.961659665448    33.1367292723    
0.616174172079    5.13085827438    0.668016585516    33.0301124575    
1.05027784005    5.11373159205    0.953983459714    32.62372819    
0.704807848728    5.50183784385    0.609847905798    33.1593538346    
0.971735210124    7.27754098362    0.916004389955    32.6171651803    
0.710282246426    5.9495204469    0.640499609594    32.66271889    
0.381980158158    5.88342265558    0.370248886565    32.9925501277    
0.873323472177    5.98930006101    0.922168574161    33.2468415595    
0.603781955178    5.23611459776    0.619782824548    32.5931095088    
0.568742709412    5.7816741664    0.605995368149    32.8978495103    
0.850381433381    6.01900581791    0.984513040917    33.489324596    
0.96542419831    5.85670262534    0.961593400062    32.9066410032    
0.435372454578    5.56899712577    0.470151166822    32.7686621416    
0.474034698628    5.27252382198    0.544623812081    32.7843700414    
1.00388119233    5.16820240538    1.07869489277    32.9432518619    
1.02974112532    5.42483013733    0.969970589788    32.8535956088    
0.833005687784    8.35372906062    0.660452505598    33.4993507141    
0.455452831931    5.00081210501    0.411045030644    33.3885285876    
0.332515507862    5.61427323755    0.300638535162    33.3286124644    
0.825201747009    8.10092851003    0.66319000347    33.1524845159    
0.500184264717    12.4695305095    0.471893570612    33.7911150448    
0.948779382116    7.56235925783    0.80231128212    33.0225799165    
0.701037521931    7.32031141607    0.598738986912    33.2518716665    
0.881335775429    6.49096525337    0.84112037523    33.1605608264    
0.669170247483    5.15733827074    0.710959818062    32.7136263108    
0.439920071511    7.11391806027    0.599036764712    33.7482026709    
0.693252570762    6.40209849255    0.608472892191    32.6342318304    
0.926066211073    5.46003518968    0.755987510047    32.3527746666    
0.309116897013    13.8304129939    0.386453762239    33.63908585    
0.806223331687    10.9263857595    0.667335477277    33.4865723929    
0.485865074679    5.73514346002    0.48846980661    33.1239559293    
0.332610119544    9.77828736101    0.363151137055    33.7061356717    
0.612641574905    5.83812477044    0.575690593364    33.1536701686    
0.562792704892    5.61090099763    0.544304938838    33.4768189899    
0.683759306386    6.28609128886    0.79679543709    32.9392206617    
0.647041046432    5.4239728034    0.624529162132    32.8407064309    
0.484092932817    6.81788505262    0.550193769247    33.0673185875    
0.478145991057    10.9163294919    0.449427242772    33.9820375006    
0.42549590495    6.21169806071    0.493760259195    33.1404608619    
1.15483786928    7.57350222004    1.01032827044    33.026749628    
1.0040279686    10.5369204904    0.965985701336    33.2408345025    
0.552602031316    7.12417741687    0.461739855975    33.3883900227    
0.462039760079    11.2232343898    0.496157620463    33.5110610654    
0.95142546189    5.30168769107    0.966667686081    32.9508442543    
0.971403618113    8.24259393428    1.11030450349    33.0205808196    
1.03601932865    7.44763147227    0.863513949964    32.9904457896    
0.556014573943    7.12367592505    0.513089978629    33.3681832376    
0.437728949504    10.0039798658    0.435826348766    33.3374385339    
1.10293342078    7.50557160503    1.10011707031    33.0026468775    
0.381003444086    5.00139261022    0.472891231219    32.6017976116    
0.738539004545    5.05157293623    0.649680383334    32.9196462314    
0.38180688082    7.38438297299    0.240714859008    33.4756079454    
0.999618521092    5.91504401639    1.14886776252    32.4549813657    
0.337253291095    7.42956821433    0.339169246218    33.1747589662    
0.483085073561    5.35913496435    0.397003121136    32.8762863747    
1.00402676715    6.94273472451    0.828153369443    33.4929819782    
0.897016134353    6.87103196776    0.912230993635    33.0020400557    
0.940783865615    5.51211735687    1.00095663637    32.7654154526    
0.709447790972    5.31792911248    0.640461069079    33.0186500027    
0.574776238432    12.3198771373    0.602079063823    33.8125443373    
0.942249340844    6.38199702975    0.807256290408    33.0667191924    
1.29777068518    6.8451325963    1.41513880072    32.9721918434    
0.48263403683    5.40815049677    0.433090952187    33.0262730426    
0.860529701928    8.28257653293    0.917374933813    33.0351123621    
1.28214838834    6.30657524449    1.29003884254    32.4790190663    
0.477107271676    5.33464988097    0.349951670124    32.8014213317    
0.336075348129    7.4502387053    0.342107965356    33.7534894375    
0.381671979005    9.52197007788    0.412482220733    33.5759748164    
0.542113949473    6.2773514735    0.606584782182    32.9922289185    
0.663416857194    5.22697937983    0.663343149344    33.1998430668    
1.05036729197    5.14017995023    0.899647210888    32.9101930065    
0.511393138298    6.66070663477    0.582179143912    33.2973245671    
0.523529322123    8.12730096877    0.581772809957    33.3188954501    
0.794440978843    5.54342930166    0.677903342828    32.8465771971    
0.645358612823    5.26941344009    0.520207629269    33.0299945999    
1.20520414903    5.93723624159    1.24652305459    32.8233310462    
0.536089673678    5.70005498491    0.436705730624    33.0398394149    
0.568315771547    6.12189083802    0.533380496575    33.3250488842    
0.590909008316    5.86948537258    0.614492860778    33.3914514817    
0.597176357675    8.02896844695    0.621866288737    33.0809578568    
0.447486935585    5.34157896019    0.499307769978    32.9586611944    
0.541234437516    8.67878201039    0.640158406003    33.1865085625    
0.340182156967    7.35909476623    0.396510241849    33.6648044511    
0.54878050873    5.61857204878    0.544133244178    33.0103442638    
0.968642815673    7.80369718225    1.01095111444    33.2495889171    
0.490783022053    6.57532985214    0.56498359205    33.1627373468    
0.694271517088    8.29244773186    0.687764337316    33.5098225468    
0.928012136756    5.48972152893    0.827170059236    32.9351596007    
0.977320689079    5.43632120866    0.998959687721    32.5719595588    
0.825702847778    8.53103486595    0.830976463269    33.2738841524    
0.822027405312    5.49427622205    0.778688143515    33.2499024708    
0.333513899394    7.83258581108    0.357539032463    33.5212256352    
0.633398242954    14.3789146122    0.631897102372    33.9629665873    
0.880554190508    5.40945200756    0.959631360794    32.9918473024    
0.518581013898    5.62868640859    0.47503056016    33.1925416654    
0.697832430936    5.11439291238    0.516669329779    33.3185447941    
0.642222149903    6.47239905559    0.618931122019    33.2364362361    
0.643019528843    6.28261857417    0.54623908682    32.8404459117    
0.808904406679    5.24864957683    0.774806677873    32.9190274572    
0.939796878716    6.50660219416    0.933575599829    33.286542576    
1.09843579851    6.56954831046    1.26611899861    33.2565030546    
0.703647138662    10.0057878088    0.881461708006    33.370595018    
0.832674251239    6.98302901934    0.971532463556    32.8149687313    
1.19439720955    5.07272518825    1.31745001978    32.516544211    
0.608266235705    6.27020017493    0.71016056865    33.1926268053    
0.766661545337    5.18916744116    0.595898790882    32.8886464871    
1.05526498978    5.33361246974    0.927961547733    33.3530633172    
1.11201960484    5.6273979072    0.909551215828    32.8335057888    
1.09079383053    6.72115721265    1.06432167663    32.9777495032    
1.16288760072    5.98188633356    1.0827456774    33.3362763929    
0.66352851665    8.75742532543    0.651552574476    33.3783415105    
0.995727584552    7.10629957956    1.18848988106    32.3552202015    
0.398953713674    6.77569539031    0.459268048966    33.7089045846    
0.424110296838    5.11312895592    0.541709735745    32.9786521894    
0.468281727043    5.68985692247    0.49653085602    33.4830848506    
0.439934236453    11.8160519379    0.404000235828    33.3731721816    
0.530316798128    5.65025883262    0.516685608459    32.9042328443    
0.901934970159    15.4424103663    0.891536810305    33.7294140193    
1.04007180624    6.58031094864    1.05632564707    33.0287184113    
0.542649501096    5.47345552094    0.55341965551    33.1321323111    
0.575128334956    6.2781779394    0.703055319479    32.9897284479    
0.432196041216    5.13340247072    0.395707937435    33.2685863275    
0.621719946426    16.247243535    0.600699748854    33.8489579429    
0.475113109131    6.90620379075    0.434782542393    33.2347747529    
0.908640220303    8.73610426277    0.913672273324    33.0361472366    
0.602692471959    9.39182864265    0.734927388584    33.3739544902    
0.417681224487    5.67222551422    0.307500073739    33.2766708998    
1.18624265025    5.79846420807    1.21690697904    33.0382258609    
0.429766079211    5.32133741501    0.401437697648    33.405439102    
0.389739950969    11.1069767592    0.411455000577    33.6635252629    
0.425096080456    7.91900297222    0.279871790744    33.7598742016    
0.685359437292    6.09289802716    0.550885618593    33.2105190507    
1.23486335148    5.99085386707    1.1428134889    33.2299965745    
0.901227857092    5.26106267796    0.925883772359    33.1655158724    
0.450661762259    7.30251507565    0.437232541699    33.8406742724    
0.707336469993    9.38796920219    0.693744896874    34.2147189306    
0.735072139848    5.63950485052    0.846591790721    33.0037223062    
1.31409215317    7.95435492522    1.05578232175    32.9753516424    
1.23557792634    5.48583319584    1.09236109911    32.5023897332    
0.384724129177    5.8531721542    0.444885745618    32.6911232806    
0.99543579337    6.49398414177    0.96889367318    32.9735499769    
0.62107809162    7.64084031166    0.560207617106    33.3648784307    
0.637385067498    5.01622192085    0.761304599389    32.5427944099    
0.467173303402    7.39633671558    0.441706788328    33.2365072682    
0.637111159067    7.16745116974    0.625505794173    33.0008941933    
0.935834117497    5.01255011675    0.818171635769    32.8336054107    
1.19307723944    5.11459554147    1.19907546503    32.3812400863    
0.483799580561    5.57555002177    0.343334942094    32.8218783442    
0.897164440912    6.93254552925    0.851176849082    33.4415093652    
0.684508372033    6.06613517762    0.576179030181    33.1054046879    
0.800176934745    5.43483007957    0.712699151939    32.9145295198    
1.01722058743    6.85055424617    1.02689585301    33.1346577806    
0.998969979259    6.58910607158    0.80922357057    33.4643288252    
0.565418085308    5.57388613084    0.41541723828    33.3083075716    
0.376935442835    8.31697595901    0.291998154521    33.5926962067    
0.430978108063    5.49541424311    0.453950587641    33.1934585369    
0.755065844742    6.08388678625    0.707978337185    32.9779234993    
1.00381698543    8.39311695804    1.19668899692    33.0205334007    
0.822934576275    5.15407173654    1.01984977443    32.4264026873    
0.807377491723    10.6197794107    0.739528095745    33.51902764    
0.52634550909    6.47379999931    0.517994449755    33.4182514034    
0.698935151902    5.78057865337    0.742691537134    33.1479233957    
1.12545922524    5.2163251716    0.955882254946    32.5226299616    
1.24570610914    5.79805783509    1.33879046084    32.5526752035    
0.974133041309    7.5938034531    1.1193152045    32.7201843327    
1.02127079747    8.95587166898    1.11676796584    33.2199819765    
0.747232709692    5.56088927442    0.68753656725    33.1100499006    
0.817709727962    6.47313722877    0.871169733496    32.6388001858    
0.553113402595    10.7904954058    0.590894332338    33.4492382868    
0.82250154315    5.18477700195    0.667703555972    33.0185364925    
0.795510264173    5.16541020764    0.928033988235    32.4734594488    
1.09783377437    5.77660031588    1.01309276636    33.0756346486    
1.09624263072    7.10535492422    1.0466476871    33.4343362504    
0.584596194845    8.00967449979    0.419569036143    33.34622677    
0.639994607886    10.6541755624    0.629057442771    33.3037290988    
0.798753985365    5.93381567865    0.936025486227    32.8807952233    
1.04903013102    6.01288109186    0.939189971943    32.9265310069    
0.824696509367    5.15866028341    0.736549280448    33.1152136323    
0.636391637327    5.81415677757    0.598594090987    33.1264073549    
0.651504364686    6.44768040299    0.720382831701    33.0754071249    
0.984950898323    5.70805101654    0.88941329035    32.4301448157    
0.308017216988    5.0378422496    0.393108836032    32.9622033684    
0.589631959404    5.47510134161    0.657008339127    33.3131046306    
0.983911707894    8.21928152182    1.02466887759    33.1089520831    
1.18451763599    7.85210613501    1.11000950647    33.169233584    
0.75042065542    6.07494677258    0.67572354336    33.1006648245    
0.547195780475    5.01769227574    0.502876118029    32.8387626338    
0.467343317159    10.2374454876    0.290614715331    33.5311424846    
0.872620969785    7.12304219291    0.799981285984    33.213094769    
0.76026595663    5.76282676129    0.939530740546    32.8493559156    
1.03475741948    5.03230026984    1.00551880556    33.2073516697    
1.21837168011    5.72334636203    1.3648250089    32.6187558497    
0.311273056991    9.70415306136    0.376010533913    33.5220224864    
0.480674972945    5.89610615537    0.466314715147    33.2262042094    
0.428994697752    5.36692777253    0.388113579192    33.3940626757    
0.700449299088    6.29537789746    0.686810375046    32.579397678    
0.507847313863    9.18627386944    0.459182137459    33.7342834928    
0.353535465031    5.7807812699    0.364718788102    33.0796764801    
1.02865676391    8.61352605266    0.913632271669    33.2111005117    
0.659622393587    5.2907835319    0.661875715601    32.9114985348    
0.731112197892    5.54947797027    0.745720824896    32.9165314827    
0.663350689701    6.15232537409    0.651858767459    33.364493124    
0.602712814968    9.74881930055    0.59259252137    33.3382907483    
0.617065446948    7.37673504767    0.440961094307    33.3466985154    
0.991989805591    5.10236293643    0.937489633395    32.4090360106    
0.359363080766    5.9589195207    0.437334329402    32.9954873451    
0.650599764134    6.26494968824    0.611723097343    33.3554659785    
0.681565012325    7.79517372161    0.636394607556    33.4346105782    
1.21300265862    5.90364488743    1.3100449537    32.9338759242    
0.924538839283    5.25135896991    0.854295129316    32.8444056363    
1.10628093138    5.0069107017    1.15624764752    32.6668641669    
0.392077015402    6.36310087848    0.356149418355    33.4252724664    
0.380981901174    15.5357745363    0.456883064269    34.0355517088    
0.540784063371    16.6543397715    0.695509549477    34.1971511713    
0.888529036169    7.48494228494    0.945282470576    33.5229234315    
0.837938180179    5.97477221565    0.701756934785    33.2491047538    
1.08382398181    6.92380183636    1.00860543378    32.8621078818    
0.368308693556    7.22645677024    0.290963464619    33.1390788638    
0.732118722212    7.98074048446    0.670644415615    33.0037400739    
0.358798713076    6.71781456596    0.38866857255    33.2250399126    
0.563950342361    7.64377202765    0.698515376104    33.3232428873    
0.399747511251    10.9063502609    0.379285917287    33.8370883522    
1.02240258651    6.75659615819    1.14922153078    32.8927830813    
0.844817310254    6.25824106808    0.869095474657    33.1019853813    
1.23714259228    7.98689218243    1.12190706823    33.0063049835    
1.01631368706    5.0538086596    0.984627729714    32.4782381779    
0.347743541168    5.06880974177    0.356836867419    33.2697336326    
0.355011622741    5.41750940579    0.440732079336    33.1754936476    
0.783898206098    5.36698376461    0.653078537514    33.1383512713    
0.983650341798    5.00640550394    1.04233851385    32.9541581268    
0.941035632708    7.23634212193    0.86714580411    33.4474314331    
0.820459414937    10.4807717745    0.690431886709    33.350424141    
1.18417942407    5.10030772354    1.12428541972    32.5897970557    
1.18119806876    6.43704916992    1.09343796082    32.8652720503    
0.334460538618    5.77653986464    0.463167967496    33.2061509298    
