0.8629	 33.1642
0.5342	 33.0001
0.7295	 33.1142
0.6892	 33.4490
0.3009	 33.0023
0.8679	 33.4164
0.5097	 33.2473
0.5122	 33.1013
0.6242	 33.6404
0.6301	 33.2374
1.2635	 33.1660
0.9098	 33.0125
0.7328	 33.0732
0.8164	 32.9874
0.7165	 32.9426
0.4417	 33.1194
0.4238	 33.8463
0.5346	 33.2526
0.7785	 33.0264
0.9922	 32.9833
0.3130	 33.3983
0.4033	 32.9657
0.3591	 33.1941
0.4234	 33.0880
0.4930	 33.0794
0.9556	 32.9584
0.7068	 33.1443
0.3752	 33.0500
0.5138	 33.0120
0.4735	 33.4681
0.8821	 33.2003
0.9447	 33.2884
0.6077	 32.9353
0.5123	 33.0162
0.5411	 33.0434
0.8075	 33.3237
0.7881	 32.9274
0.5565	 33.1396
0.7989	 33.0653
0.5898	 33.1285
0.5405	 33.0474
0.5331	 32.9369
0.4295	 33.0584
0.4826	 34.2384
1.2117	 33.1910
0.5913	 32.9976
0.9219	 33.0188
0.6692	 32.9988
0.6353	 33.2420
0.3320	 33.1753
1.1931	 33.1377
1.2999	 33.0271
0.9137	 32.9956
0.4795	 33.1860
1.1953	 33.2557
1.0778	 33.0535
0.5190	 33.1450
1.1546	 33.7039
0.6301	 32.9790
0.5381	 33.3685
0.3875	 33.1078
0.4785	 33.0672
0.4224	 33.5080
0.6908	 32.9563
0.6357	 33.8653
0.5895	 33.2915
0.3159	 33.7408
0.8768	 33.0824
0.8515	 33.2397
0.4303	 34.0958
0.5859	 33.8859
0.4174	 33.0645
0.4269	 33.1489
1.1237	 33.4660
0.4447	 33.1777
0.5075	 33.0417
1.2507	 32.9514
0.4381	 33.1640
0.4573	 33.1309
0.4244	 32.9370
0.3328	 32.9579
0.3725	 33.2953
1.1248	 32.9873
0.8245	 33.4883
0.9184	 33.2810
0.7059	 33.1989
0.6657	 33.7119
1.2793	 33.0005
0.3542	 33.1658
0.4728	 33.1194
0.5629	 33.3405
0.6851	 33.5386
0.9769	 33.1267
0.6617	 33.2149
0.4039	 33.5465
0.3622	 33.0401
0.6796	 33.2178
0.8374	 33.2587
1.1288	 33.6564
0.3302	 33.2960
0.7044	 33.1681
0.5272	 33.4678
0.5826	 33.1256
0.3678	 33.0605
0.6657	 33.1017
0.6698	 33.4341
0.4254	 32.9471
0.8429	 33.2806
0.4447	 33.1680
0.9643	 33.4024
1.2834	 32.9442
0.6562	 32.9514
0.7930	 33.1276
0.3274	 33.6005
0.8083	 32.9544
0.7816	 33.1832
0.4458	 33.7627
1.2399	 33.0995
0.4948	 33.2575
0.7563	 33.0465
0.4961	 33.4948
0.4133	 33.0297
0.4823	 32.9765
0.7353	 33.4127
0.5850	 33.4328
0.8943	 32.9740
0.4123	 33.3692
0.6664	 33.0813
0.7806	 33.1944
0.5452	 33.2323
1.0021	 32.9829
0.6830	 32.9812
0.8873	 33.5798
0.5564	 32.9686
1.0096	 33.0732
0.6429	 33.0253
0.5411	 32.9659
0.4419	 32.9719
0.3942	 33.1965
0.5845	 33.1615
0.5466	 33.1771
1.0409	 33.2336
0.6215	 33.3098
0.7726	 33.7963
0.8468	 33.1892
0.3504	 33.4472
1.0410	 33.6111
0.6422	 32.9385
1.2130	 33.1154
0.3097	 33.1758
0.7970	 33.6260
0.7600	 32.9959
0.3345	 32.9326
0.8263	 33.4078
0.9091	 32.9730
0.7212	 33.8351
0.7496	 32.9882
0.4875	 33.2930
0.6555	 33.0875
0.3595	 33.3487
0.5302	 33.1660
0.3063	 33.5308
1.2546	 33.9244
0.4355	 33.3785
0.7994	 33.3132
0.5728	 32.9775
0.9983	 32.9762
0.4315	 33.1370
0.5005	 33.1881
0.6801	 33.0051
1.0627	 33.0638
0.6446	 33.1304
0.5313	 34.3550
0.5325	 33.3388
0.3619	 32.9560
0.5498	 33.6250
0.4479	 32.9854
0.5177	 33.4442
0.4380	 33.1876
1.1810	 33.1836
0.4681	 33.1825
0.6920	 33.1898
1.0047	 33.1562
0.7540	 33.0007
0.8116	 33.0112
1.1382	 32.9565
0.3506	 33.6009
0.3018	 33.0514
0.4885	 32.9479
0.8137	 33.1716
0.7096	 32.9847
0.6955	 33.0387
0.7723	 32.9643
1.0985	 33.1570
0.7214	 32.9789
0.5305	 33.0838
0.8828	 32.9711
0.7344	 32.9445
1.1988	 33.2939
0.3421	 33.1296
0.6571	 33.0582
0.3598	 33.7934
0.8350	 33.0733
0.4699	 33.8396
0.3312	 32.9520
0.5382	 33.2467
1.1355	 33.0649
0.8996	 33.1810
0.4086	 33.0643
0.3594	 33.0608
0.4717	 33.1591
1.0766	 33.1220
0.6658	 33.4213
1.0005	 33.7504
0.4963	 33.8818
0.9682	 33.3040
0.3152	 33.6211
0.7606	 33.9488
0.5265	 33.4831
0.7046	 33.1046
0.5088	 33.3053
0.9205	 33.5089
0.4487	 32.9511
1.0895	 33.2641
0.3745	 33.0066
0.5719	 33.5744
0.3803	 33.8522
0.6469	 34.0415
0.8194	 33.4754
1.3175	 33.0195
0.7736	 33.3325
0.3258	 33.2952
0.6475	 33.5533
1.2185	 33.0626
0.4662	 33.2799
0.4436	 33.1936
0.3697	 33.4439
0.6624	 33.0664
1.0434	 33.5909
0.9407	 33.1318
0.4266	 33.0186
0.4875	 33.1831
1.0073	 33.3377
0.7875	 33.1425
1.2395	 33.2062
0.7056	 32.9581
0.3532	 33.1869
0.4170	 33.8188
0.6517	 33.3304
0.6692	 33.3169
0.4685	 33.1751
0.6071	 33.0026
0.5140	 33.0593
0.7150	 33.7525
0.6631	 33.3715
0.4265	 33.4489
0.7877	 33.2575
0.6665	 33.3204
0.7356	 33.1487
0.8715	 33.1803
1.0457	 33.0411
0.7097	 33.0621
0.4979	 33.0811
0.4027	 33.3699
0.4580	 33.2702
0.5872	 33.2657
0.9384	 32.9417
0.6646	 33.0484
0.4318	 33.4134
0.5632	 33.0173
1.0264	 33.0078
0.9585	 33.2092
0.6460	 33.6649
0.3184	 33.0930
0.3847	 33.0248
0.6871	 33.1062
0.8979	 32.9598
0.5847	 33.2781
0.3450	 33.2186
0.8926	 33.1676
0.4967	 33.6785
0.3246	 34.0231
0.6088	 32.9707
0.9009	 34.2863
0.9974	 33.1047
0.4983	 33.1559
0.7755	 32.9537
1.2150	 33.1080
0.4020	 33.1045
0.4944	 33.4112
0.7330	 34.2117
0.3473	 33.4191
0.5941	 33.0066
0.3554	 33.0048
1.1415	 33.2206
0.5691	 32.9273
0.5789	 33.0298
0.3292	 33.0371
0.6228	 33.0102
0.3168	 33.0291
0.3758	 33.2095
0.5300	 33.0940
0.5080	 33.4835
0.5283	 33.0446
0.4838	 33.0580
0.7066	 33.0617
0.7393	 33.1541
0.3804	 34.3146
0.4074	 33.2309
1.3156	 32.9574
1.2809	 33.0186
0.3179	 32.9955
0.6505	 33.4033
0.7400	 33.8903
1.0326	 33.0771
0.3166	 33.7515
0.5547	 33.3009
0.6913	 32.9974
0.6425	 32.9563
0.3188	 33.0352
0.6099	 32.9588
0.6270	 33.0487
0.4397	 33.1240
0.7072	 33.4268
1.0409	 33.2380
0.3940	 32.9692
0.8605	 33.0843
0.5634	 33.3729
0.6108	 32.9459
0.4872	 33.1753
1.3084	 32.9388
0.8420	 32.9496
0.5447	 33.3444
1.0381	 33.7078
1.1088	 33.1824
0.9368	 33.6121
0.4654	 33.0477
0.8655	 33.5576
0.7872	 32.9682
0.3525	 33.4563
1.1217	 33.1941
0.7766	 33.8633
0.4758	 33.1816
0.7424	 33.7353
0.9115	 33.1157
0.4782	 33.3523
0.6167	 32.9951
1.2098	 33.1730
0.8700	 33.7606
0.5222	 33.3002
0.7606	 32.9795
0.6469	 33.2198
0.6799	 33.0573
0.4294	 33.2461
0.7008	 33.7501
0.9400	 32.9861
0.9215	 33.1337
0.9958	 33.3651
0.6016	 32.9642
0.4420	 32.9293
0.5718	 33.1164
0.3287	 32.9506
0.3660	 32.9471
1.0032	 33.3603
0.5905	 32.9745
0.8661	 33.1130
0.5397	 33.4545
0.7879	 33.5452
0.3494	 33.1037
0.6525	 33.1136
0.3092	 33.0781
0.4193	 34.0412
0.3791	 33.0085
0.6539	 33.0032
0.6677	 33.3062
0.5060	 33.1991
1.2749	 33.6329
0.3099	 33.4282
0.6141	 33.0830
0.4567	 33.2971
0.5155	 33.5444
0.5772	 33.4615
0.6631	 33.3781
0.6695	 32.9774
0.4610	 33.4313
0.9103	 33.0229
0.4871	 32.9558
0.6038	 33.9881
0.9146	 33.1427
1.0481	 33.3775
0.6021	 33.1685
0.6380	 32.9876
0.7374	 33.0628
0.8519	 33.1833
0.5017	 33.7124
0.3168	 33.4571
0.4374	 33.1753
0.4651	 32.9863
0.5582	 33.2060
0.8404	 33.1292
1.0998	 33.2017
0.7482	 33.2077
0.6771	 33.1672
0.7153	 33.1893
0.8547	 33.1967
0.6318	 33.1543
0.4112	 33.1207
0.6325	 33.6263
1.0396	 32.9677
0.4228	 33.7798
0.6874	 32.9376
0.5274	 33.1509
0.6345	 33.0976
1.0191	 32.9788
0.3655	 33.0943
0.4727	 33.1277
0.3951	 33.1797
0.6098	 32.9427
0.3130	 32.9454
1.0805	 33.1866
0.4867	 33.0591
0.5424	 33.0869
0.8209	 33.0244
0.6516	 33.0718
0.4995	 33.0866
0.5800	 33.1719
0.6822	 33.2276
1.0715	 33.0754
0.3023	 33.0331
0.9746	 32.9942
0.6869	 32.9630
0.5038	 33.5525
0.8374	 33.0696
0.4070	 33.0754
0.4615	 33.0264
0.5507	 33.6327
0.8962	 33.8976
1.0480	 33.3438
0.6618	 33.1632
0.7565	 33.0720
0.4231	 33.0332
0.5377	 33.3943
0.3443	 32.9777
0.5960	 33.3330
0.8093	 32.9646
0.8552	 32.9998
0.8172	 33.1581
0.4129	 32.9595
0.4938	 33.0329
0.9358	 33.3477
0.5307	 33.4758
0.4071	 33.2702
0.5431	 32.9490
0.7465	 33.0079
0.6548	 33.1260
0.4544	 33.2348
0.4528	 33.2926
0.5169	 32.9848
0.7422	 32.9574
0.3934	 33.5989
0.3407	 33.8746
0.4628	 33.1510
0.5345	 33.2935
0.8607	 33.4197
0.4567	 32.9350
0.6537	 33.2886
0.4566	 33.1983
0.8254	 33.1482
0.4438	 33.7210
0.6517	 33.4451
0.8418	 32.9549
0.6049	 33.4022
0.7144	 33.0610
0.7352	 33.5217
1.0447	 33.3262
0.8521	 32.9310
0.5991	 33.0819
0.8387	 33.0497
0.3953	 32.9859
0.4402	 32.9798
0.6531	 33.1730
0.3766	 33.1125
0.6038	 33.1254
0.3454	 32.9664
1.2179	 33.6550
0.8323	 32.9620
0.7098	 32.9615
0.4966	 33.9711
0.6797	 33.0472
0.9916	 33.2460
0.4236	 33.3528
0.6120	 32.9549
0.7425	 33.0159
0.7176	 33.3920
1.1386	 33.0780
0.3866	 33.0910
0.9795	 33.1112
0.5761	 33.3076
0.7336	 33.6437
0.8592	 32.9625
0.3439	 33.1748
0.9323	 33.2663
0.5521	 33.4358
0.6634	 33.3595
0.5408	 33.4189
0.9186	 33.0076
0.3079	 33.6080
0.5823	 33.0116
0.7854	 33.1032
0.8708	 33.5896
0.8730	 33.4039
0.4253	 33.2908
0.7186	 33.1346
0.4530	 33.6327
0.3956	 33.2330
0.4173	 32.9954
0.7977	 33.2338
0.3528	 33.1649
0.5485	 33.4888
0.3264	 33.4583
0.3678	 33.0951
0.4902	 33.5613
1.2750	 33.7789
0.7213	 33.1299
0.9020	 32.9693
0.6423	 33.2293
0.4550	 32.9667
1.2393	 33.3734
0.5451	 33.0467
0.3269	 33.0262
0.6321	 32.9276
0.6440	 33.1818
0.5903	 33.5689
0.5324	 33.0244
0.7373	 33.5618
0.5008	 33.2395
0.4722	 33.3920
0.3182	 33.0098
0.7258	 33.0321
0.6492	 33.0594
0.6182	 33.0289
0.4772	 33.0083
0.5316	 33.1790
0.8153	 33.2897
0.6055	 33.1569
0.5018	 33.2327
0.3112	 32.9332
0.4432	 33.2420
0.7562	 33.5735
0.8007	 33.9333
0.7946	 33.2359
0.7431	 33.3390
0.3408	 33.1012
0.7284	 33.6784
0.6098	 33.0825
1.2722	 32.9610
0.6075	 32.9489
0.7429	 33.4866
0.3025	 32.9541
0.6836	 33.3084
0.6418	 33.4625
0.7472	 33.1533
0.4784	 33.3793
1.0185	 32.9500
0.3176	 33.1236
0.3557	 32.9374
0.6496	 33.0941
0.5298	 33.1348
0.6850	 33.0664
0.4681	 33.1814
0.3251	 32.9446
0.4105	 33.0776
0.6623	 33.1826
0.4062	 33.1023
0.7509	 33.4994
0.5083	 33.2138
0.7965	 32.9842
0.3640	 33.0792
0.4176	 33.8139
0.6745	 33.0387
0.4493	 33.2208
0.9608	 33.1095
0.3616	 32.9448
0.9758	 33.1111
0.8861	 33.4958
0.6570	 33.4566
0.6782	 33.3311
0.8629	 33.2920
0.4202	 33.2259
0.7951	 33.0787
1.2979	 33.1161
0.3441	 33.0201
0.7184	 33.2986
0.7417	 33.2468
0.8848	 33.2552
0.4892	 32.9363
0.5777	 33.5507
0.3326	 33.0252
0.6323	 33.1522
0.4683	 32.9577
1.0617	 33.3312
0.7993	 33.0376
0.6846	 33.0825
0.5931	 32.9568
0.3035	 33.3194
0.3178	 33.1541
0.4005	 33.4082
0.4429	 33.0733
0.4079	 33.4778
0.5485	 33.6918
0.4050	 33.1126
0.4989	 33.4264
0.4819	 33.5384
0.4407	 33.9235
0.7495	 33.4152
0.5670	 33.1226
1.2513	 33.2129
0.4898	 32.9479
1.1273	 33.0394
0.6207	 33.2943
0.8857	 32.9512
0.4965	 33.0981
0.6185	 33.0321
0.7912	 33.2231
0.5947	 33.3236
1.2768	 33.2903
0.3668	 33.2412
0.7922	 32.9900
0.4524	 33.2040
0.8096	 33.4496
0.8169	 33.0213
0.8596	 33.1918
0.7008	 33.2869
0.9190	 33.0333
0.7383	 32.9322
0.6215	 33.6958
0.4170	 33.2722
1.0889	 32.9851
0.3808	 33.1501
0.6831	 32.9330
0.3154	 34.4992
0.9430	 33.2960
0.9410	 33.0654
0.4208	 33.3628
0.7775	 32.9861
0.5002	 33.1618
0.5430	 33.1265
0.7772	 33.5892
0.7528	 33.0979
0.5123	 32.9610
0.4805	 33.6971
0.5771	 33.0302
0.3328	 32.9745
0.4459	 33.0848
0.5269	 34.0802
0.3963	 33.5242
0.9574	 32.9430
0.4071	 33.0001
0.9156	 33.0285
0.6394	 33.1811
1.0145	 33.2788
0.7073	 33.2754
0.4678	 33.0061
0.5844	 33.0166
0.5673	 33.3797
0.4352	 33.0255
0.7572	 32.9277
0.6605	 33.1762
0.3320	 33.5897
1.1762	 33.5317
0.3766	 33.0300
0.8967	 32.9466
0.7347	 34.4218
0.4763	 33.1180
0.8877	 32.9913
0.5952	 33.9693
0.5369	 33.1334
0.9568	 33.3789
0.4589	 33.7341
0.3694	 33.0157
0.4692	 33.4698
1.2702	 32.9336
0.8318	 33.1809
0.5621	 33.0305
0.5401	 33.0712
0.9635	 33.1478
0.4639	 33.2779
0.7774	 33.0066
1.0913	 33.2825
0.3762	 33.0809
0.4266	 34.2991
0.9067	 32.9874
0.8152	 33.0463
0.5943	 33.1539
0.8457	 33.0010
0.6840	 33.3934
1.1180	 33.1312
1.0897	 32.9451
0.8061	 33.5602
0.9637	 33.2825
0.4760	 33.3904
0.4997	 34.3472
0.5192	 33.1524
0.7323	 33.0651
0.5495	 33.2797
0.5680	 33.0824
0.7304	 32.9355
0.4146	 34.0852
1.2609	 32.9346
0.6089	 33.3883
0.5527	 33.7003
0.7685	 33.0218
0.9384	 33.0125
0.9131	 33.0182
0.3287	 33.4325
0.8613	 33.1698
0.8689	 32.9529
0.6723	 32.9599
0.3631	 33.1279
0.7195	 33.0376
0.4962	 33.1164
0.6819	 33.6335
0.7848	 32.9641
0.4863	 33.1062
0.6769	 33.1554
0.7609	 33.0514
0.7904	 33.4093
0.5734	 33.0229
0.3923	 33.4518
0.9530	 33.0660
0.3942	 33.2241
1.0769	 32.9644
0.9144	 33.2969
0.3366	 33.3349
0.6666	 32.9570
0.6725	 33.1683
0.6778	 33.9760
0.4042	 33.1017
0.9890	 33.0460
0.6810	 33.0709
0.4835	 32.9934
0.9141	 33.2563
0.4573	 33.4207
0.8855	 33.0074
0.8614	 33.0863
0.7294	 33.1794
0.6483	 33.0105
0.5474	 33.0906
0.8822	 33.7083
0.5415	 33.3956
0.9831	 33.1710
0.9439	 33.4354
0.8676	 33.3135
0.4188	 33.6770
0.9458	 33.0041
0.9267	 33.1092
0.4558	 32.9771
0.7725	 33.1899
1.0708	 33.5736
0.3449	 33.0768
0.8801	 33.0346
0.4313	 32.9576
0.8147	 32.9338
0.4308	 33.3395
0.4569	 33.1473
0.4601	 33.5472
0.8508	 33.0387
0.4685	 33.1882
0.6809	 33.0102
0.6480	 33.2093
0.9736	 33.0997
0.7783	 33.1042
0.7943	 33.1026
0.4694	 33.0445
0.9136	 33.2192
0.5871	 32.9575
0.8303	 33.1563
0.4568	 33.0335
0.7653	 33.0612
0.3340	 33.0267
0.3927	 33.1675
0.8156	 33.5831
0.4034	 33.0560
0.8827	 33.1325
0.6283	 33.7841
0.4917	 33.4128
0.5610	 33.0767
0.3231	 32.9322
0.6867	 33.3436
0.7843	 33.2291
0.3484	 33.2752
0.5951	 33.1459
1.0023	 33.0912
0.5493	 33.7519
0.7599	 33.8509
0.4846	 33.8111
0.7116	 32.9795
0.8868	 32.9640
0.9191	 32.9290
0.4299	 33.1602
0.8614	 33.2588
0.5931	 33.3681
1.0923	 33.0243
0.7378	 33.0709
0.3458	 33.1247
0.6206	 33.3684
0.8081	 32.9478
0.7831	 33.3498
0.9129	 33.1928
1.2624	 33.4976
0.4862	 33.0759
0.6582	 33.1145
0.4313	 33.1875
0.5186	 33.3032
0.6156	 33.8243
1.2210	 32.9324
0.3746	 32.9343
0.8459	 33.0592
0.4304	 33.5970
0.5836	 32.9625
0.6614	 33.1309
0.4567	 33.2425
0.5747	 33.3089
0.7343	 33.0308
0.8246	 33.8297
0.4617	 33.1591
0.4084	 33.0125
0.3677	 33.9198
0.7334	 33.1739
0.5804	 33.2589
0.8259	 33.0877
0.8323	 33.0228
1.1295	 33.5612
1.0789	 33.5331
1.1396	 33.1371
0.8595	 33.2074
0.3485	 33.2678
0.4972	 33.0614
0.8363	 33.8980
0.5708	 33.3219
0.9736	 33.1034
0.9547	 33.3667
0.9260	 33.1019
0.5334	 33.4241
0.5395	 33.5263
0.4749	 33.6782
0.3353	 33.5262
0.6069	 33.9907
0.4151	 33.2445
0.6794	 33.5340
1.0302	 33.3683
0.3980	 33.0834
0.5838	 33.6457
1.0831	 33.0887
0.9847	 32.9704
0.7260	 33.0254
0.5849	 33.0062
0.3039	 33.0573
0.7981	 33.7752
1.2208	 33.0265
0.7193	 33.1615
0.5965	 32.9549
0.3582	 33.0686
0.7923	 32.9579
0.6997	 34.4061
1.0540	 33.1063
0.6275	 33.7369
0.3740	 33.1990
0.6595	 33.2836
0.6334	 33.1795
0.5826	 33.3474
0.7795	 33.4471
0.6146	 33.1305
0.4761	 33.1933
0.5083	 33.1208
0.5324	 33.0362
0.4220	 32.9447
0.8419	 33.6550
0.4591	 33.4968
0.6198	 33.2499
0.6882	 33.0194
0.9903	 33.1702
0.8382	 33.2493
0.9218	 33.1391
0.3555	 34.0524
0.5609	 33.3090
0.5751	 33.0651
0.5049	 32.9508
0.4184	 33.5339
0.5661	 33.5574
1.2746	 33.2567
0.8531	 33.0164
0.8902	 32.9464
0.6294	 33.0864
0.7439	 33.2762
0.4155	 33.3329
0.4078	 32.9708
0.9537	 32.9931
0.6869	 33.2679
0.7512	 33.1711
0.5719	 33.0598
0.9186	 33.0446
1.1674	 33.4742
0.9123	 33.5814
0.9487	 33.2053
0.5404	 32.9584
0.8414	 33.3723
0.8250	 33.2738
0.9124	 33.3388
0.6378	 33.0438
0.8454	 32.9655
0.5745	 33.1805
1.1246	 32.9518
0.3589	 33.1562
0.8807	 33.2074
0.3521	 33.7827
0.6997	 33.0559
0.4266	 32.9615
0.6399	 33.3654
0.4873	 33.3790
0.6889	 33.2019
0.6458	 32.9635
1.0566	 33.1210
0.6909	 32.9620
0.5200	 33.1299
0.8628	 33.2003
0.9618	 32.9696
0.6310	 33.6155
0.5868	 33.5480
0.3134	 33.6858
0.5935	 33.2890
0.6174	 33.4115
0.6711	 32.9937
0.6403	 33.3938
0.5626	 32.9449
0.6219	 33.8373
0.9793	 33.0961
0.9135	 33.2885
0.6683	 33.3902
0.3452	 33.4126
0.5926	 32.9273
0.5691	 33.2058
0.4760	 33.0363
1.0711	 33.0054
0.7286	 33.2298
0.6786	 33.6077
0.5099	 33.0253
0.8268	 33.2552
0.3179	 33.0599
0.7363	 33.6708
0.4382	 33.0682
0.7710	 33.5424
0.4193	 34.0480
0.6545	 33.2149
0.9502	 33.0062
1.0369	 33.0395
0.9251	 33.1849
0.4459	 32.9650
0.6755	 33.3507
0.8312	 32.9953
0.5614	 33.1041
0.7887	 33.5518
0.5009	 33.0250
1.0292	 32.9402
0.3319	 33.3480
0.3807	 33.0765
0.6859	 33.4294
0.4502	 33.0487
0.4810	 33.1544
0.5026	 33.3383
0.4932	 33.0772
0.3726	 33.3253
0.8283	 33.2326
0.6444	 33.4881
1.3155	 33.0499
0.6131	 33.1754
1.2390	 33.1887
0.9620	 33.7171
0.3798	 33.0853
0.6176	 33.0258
0.3786	 33.1109
0.9519	 33.6169
1.1550	 32.9502
0.4034	 33.4668
0.5036	 33.0251
0.4080	 33.3447
0.6754	 33.4259
0.8104	 32.9860
0.9518	 33.1018
0.8914	 33.7243
1.0031	 33.0855
0.7297	 34.2135
0.3939	 33.0527
0.4839	 33.0304
0.6928	 32.9363
0.3153	 34.1118
0.7096	 33.6709
0.4242	 33.0046
0.6444	 33.4769
0.6140	 32.9957
0.3588	 33.0638
0.4850	 32.9622
0.8941	 33.2127
0.3400	 33.1591
0.8293	 32.9717
0.3810	 33.1358
0.7414	 32.9407
0.3304	 33.0404
0.6357	 33.0891
0.9230	 32.9843
1.0306	 33.1780
0.9009	 33.2929
0.3670	 33.9630
0.6112	 33.4966
0.3613	 32.9509
0.8686	 33.5540
0.4460	 33.5887
0.6976	 32.9808
0.3791	 33.1093
0.7368	 33.6750
0.6247	 33.6673
0.7538	 32.9803
0.4476	 32.9396
1.2059	 33.1918
0.3781	 33.1112
0.5972	 32.9991
0.3208	 33.4826
0.3222	 33.5085
0.4507	 33.1791
0.5266	 33.3959
0.3672	 33.3401
0.7721	 32.9816
1.1943	 33.4837
1.2206	 33.3040
0.3734	 33.4120
0.7452	 33.8638
0.6596	 33.3529
0.7416	 33.5126
0.5662	 33.1519
1.0059	 32.9747
0.3763	 33.3590
1.2214	 33.1155
0.4130	 33.0799
1.0584	 32.9331
0.8852	 32.9942
0.9426	 33.3424
1.0139	 32.9819
0.7769	 33.0696
0.6491	 33.0438
0.7795	 33.6102
0.5672	 33.1085
0.4886	 34.5895
0.5168	 33.2597
0.5795	 33.1871
0.8673	 33.5018
0.3054	 32.9936
0.9582	 33.0119
1.3089	 33.1336
0.4002	 32.9705
0.7892	 33.1061
0.4701	 33.0504
0.5685	 33.2465
0.3123	 32.9624
0.8689	 33.0687
0.6668	 33.7016
0.7575	 33.1420
0.8256	 32.9329
1.1529	 33.1110
1.1105	 33.0246
0.5741	 32.9527
1.0878	 33.4898
0.6957	 33.7414
1.1363	 33.4418
0.8891	 33.9288
0.5136	 32.9988
0.6662	 33.0259
0.9815	 33.1485
0.5442	 33.0015
0.5942	 32.9513
0.3867	 33.0662
1.0196	 33.0462
0.4682	 33.6201
0.4193	 33.1158
0.5975	 33.4198
1.0595	 32.9763
0.3654	 33.3328
0.7779	 32.9375
0.8456	 33.0510
0.6190	 33.5686
0.8867	 33.1427
0.4345	 33.4153
0.5219	 34.4980
0.4702	 33.0813
0.4784	 33.1712
0.7926	 33.0414
0.6879	 33.1521
1.0083	 33.4935
1.2319	 33.4041
0.3403	 33.3719
0.6663	 33.6087
0.4336	 33.0760
0.4153	 33.2339
0.7222	 32.9322
0.8279	 33.6047
0.3471	 32.9744
0.8640	 33.0984
0.7856	 33.0354
0.4625	 33.2399
0.6004	 33.3187
0.5812	 33.1026
1.2255	 33.0088
0.7116	 33.0100
1.0008	 32.9971
0.5834	 32.9641
0.4694	 33.2565
0.7990	 33.0851
0.4427	 33.6009
0.7226	 33.0579
0.8542	 33.0331
0.9074	 33.3100
0.3709	 33.5119
0.8437	 33.3244
1.0967	 32.9430
0.5920	 33.2285
0.3776	 33.3785
1.1003	 33.3189
0.6411	 33.3494
0.7313	 32.9339
0.7605	 33.5275
0.4894	 33.2005
0.4479	 32.9980
0.4464	 33.2323
0.7566	 33.0069
0.9991	 33.6196
0.3076	 32.9483
0.4054	 33.7414
0.5518	 33.3310
0.9335	 33.3452
0.8826	 33.3003
1.1863	 33.5250
1.0818	 32.9453
0.5657	 33.1273
0.9211	 32.9521
1.1557	 33.3018
0.4620	 33.5522
0.7392	 32.9838
0.5380	 34.2991
0.4233	 33.3531
0.3622	 33.1262
0.5875	 33.3289
0.3908	 33.3798
1.0175	 33.4258
0.3048	 33.1841
0.6425	 33.0399
0.6937	 33.0952
0.6835	 33.0852
0.6679	 33.2858
0.9406	 33.6172
0.9206	 33.1585
0.5135	 33.0918
0.6759	 32.9864
0.8581	 33.6714
0.9826	 33.3600
0.5329	 33.3560
0.6888	 33.3297
0.5960	 33.7446
1.0806	 33.2351
0.4077	 33.4507
0.4776	 33.3820
0.3946	 33.0280
0.7528	 33.3241
1.0505	 33.6160
1.0158	 32.9445
0.9883	 32.9908
0.7268	 32.9717
0.4650	 33.2927
0.4159	 33.4139
0.4055	 33.3871
0.5695	 32.9500
0.6045	 33.0400
0.3440	 32.9599
0.4982	 33.4087
0.8001	 33.2734
0.3526	 33.2691
0.7395	 33.6590
0.9146	 33.2127
1.1972	 33.1482
1.0745	 33.1907
0.5705	 33.6361
0.4173	 33.0022
0.7819	 33.2495
0.5869	 33.3160
0.5924	 32.9783
0.9347	 33.2354
0.4810	 33.5896
0.7760	 32.9422
0.8292	 33.5121
0.9516	 33.1159
0.3663	 33.1177
0.8114	 33.4277
0.4340	 33.1158
0.6441	 33.5368
0.6637	 33.0681
1.1743	 33.0301
0.8387	 32.9764
0.4319	 34.1349
0.7080	 34.0397
0.3124	 32.9553
1.2334	 33.4812
0.8656	 33.0046
1.2770	 33.4828
0.4934	 33.0457
0.6859	 33.0614
0.5882	 32.9571
0.6192	 32.9660
0.5370	 32.9733
0.6728	 33.2316
0.4937	 33.3630
0.6284	 33.0714
1.0258	 33.2459
0.8851	 33.2236
1.1442	 32.9646
1.1960	 33.1508
0.7964	 33.0986
0.3087	 33.1040
1.0753	 32.9324
0.4687	 33.1722
0.4922	 33.0303
0.6667	 33.5091
0.3499	 33.0626
0.4178	 32.9953
0.6184	 32.9909
0.8305	 33.1152
0.8076	 32.9748
0.5239	 33.0908
0.7309	 32.9458
0.4922	 33.8460
0.6495	 33.6538
0.4382	 33.0486
0.3853	 33.1436
0.9802	 33.0536
0.4457	 33.1603
0.4097	 33.2461
0.3878	 32.9574
0.5830	 33.4158
0.5362	 33.3639
0.7592	 33.5983
0.4280	 33.1062
0.3463	 33.0882
0.3698	 33.0130
0.5684	 33.3442
1.0782	 32.9753
0.6639	 32.9413
0.5029	 33.0775
0.7750	 33.7090
0.5421	 33.1827
0.7180	 33.1206
0.5643	 33.1837
0.5804	 32.9577
0.6364	 33.2192
0.4521	 33.0702
0.6887	 33.3920
0.6376	 33.8523
0.5003	 33.0296
0.7031	 33.1819
0.4719	 33.1549
0.7465	 33.1396
0.4632	 33.0112
0.7119	 33.2198
0.3537	 33.7798
0.6640	 33.2465
1.3047	 33.0375
0.3213	 33.0583
1.1723	 32.9542
1.0354	 33.0575
0.7641	 33.1293
0.4093	 33.1630
0.9138	 33.1268
0.7354	 32.9768
0.3701	 33.1974
0.3208	 33.3797
0.9110	 33.9743
0.4835	 33.0392
0.4500	 33.2719
0.5925	 33.8698
1.3021	 33.0521
0.7043	 34.0713
0.9557	 33.0027
0.6875	 33.1855
0.6962	 33.3214
0.5876	 33.4848
0.3717	 33.1629
1.0867	 33.3119
0.6436	 33.0289
0.4921	 33.2250
0.6879	 33.1633
0.4311	 33.0074
0.4095	 32.9765
0.8517	 33.1586
0.6958	 33.0150
0.6712	 33.9118
0.5060	 33.2028
0.3724	 33.4736
1.0758	 33.0090
0.6141	 33.2428
0.5211	 33.2754
1.0231	 33.9175
0.8317	 33.1482
0.7772	 32.9772
0.4139	 33.1670
1.1761	 32.9833
0.6631	 33.1782
0.9317	 33.1547
0.7060	 33.3464
1.1564	 33.3925
0.4999	 33.8208
0.5746	 33.1712
0.6800	 33.0045
0.3380	 32.9398
0.4862	 33.1986
0.3761	 33.0463
1.2592	 32.9915
0.3224	 32.9813
0.3596	 32.9511
0.7443	 33.4192
0.9397	 33.2171
0.3382	 33.2553
0.4227	 33.6147
0.9494	 33.0618
0.3015	 33.1947
0.6224	 33.2982
1.0445	 33.2632
0.4618	 33.4649
1.0358	 33.1520
0.5132	 32.9514
0.4694	 32.9629
0.4600	 33.2451
0.6831	 32.9387
1.1127	 33.0453
0.3773	 33.4656
0.7154	 32.9903
0.5255	 33.3297
0.7400	 33.5707
0.4547	 33.3525
0.8188	 33.1540
0.9522	 33.0181
0.4060	 33.5659
1.2390	 33.4588
0.3793	 33.2629
0.5034	 33.1312
0.6603	 33.0057
0.3859	 33.7231
0.7324	 33.0694
0.5492	 32.9885
0.9799	 33.3876
0.8044	 32.9888
0.7133	 33.5548
0.7915	 33.2833
0.5552	 33.2620
0.4955	 34.5966
0.6069	 33.2330
1.2816	 33.7425
0.9133	 33.0647
0.3993	 33.2478
0.6714	 33.1063
0.6297	 33.2997
0.5339	 33.7650
1.1391	 33.1467
1.0928	 32.9921
1.0569	 32.9393
0.6751	 33.2408
0.7230	 33.6157
0.6604	 34.1639
0.9102	 33.0849
0.9670	 33.3195
0.6593	 33.2002
1.1698	 32.9915
0.7854	 33.0202
0.7254	 33.7383
1.1660	 33.3667
0.6503	 33.1711
0.3042	 32.9392
0.4706	 33.0491
0.3395	 32.9581
0.4481	 33.3488
0.7386	 33.7636
0.7504	 32.9812
0.7915	 33.0244
0.4389	 33.4107
0.5198	 33.2528
0.8048	 33.0076
0.3865	 33.3596
1.0233	 33.2026
0.3576	 32.9642
0.7225	 33.1171
1.0867	 32.9481
0.8362	 33.3995
0.4926	 33.3680
0.3274	 33.1963
0.3627	 33.2095
1.0248	 33.6299
0.7598	 33.0090
0.4378	 33.5428
0.8535	 33.5943
0.4543	 32.9563
0.5842	 33.4127
1.2475	 32.9418
0.9706	 33.0962
0.4482	 33.6464
0.3077	 33.4872
0.4713	 32.9308
0.5018	 33.0712
0.5406	 33.1040
0.4886	 33.1562
0.3966	 33.5152
0.4768	 33.1676
0.3276	 33.2523
0.5676	 33.0534
0.6679	 33.4910
0.8379	 32.9568
0.5061	 33.4471
1.0325	 33.0944
0.5263	 33.1904
0.8450	 33.1800
0.7337	 33.4955
0.7782	 32.9702
0.4311	 33.5599
0.3213	 33.1903
0.8993	 33.1628
0.4896	 32.9597
1.0281	 33.3310
0.4561	 34.0033
0.8413	 32.9401
0.8069	 32.9703
0.6079	 33.1538
0.6318	 33.7527
0.3630	 32.9712
0.9348	 33.1709
1.2710	 33.1405
1.2025	 33.1245
0.6240	 33.7196
0.6841	 33.0656
0.6639	 32.9996
1.2692	 33.3317
0.5435	 33.0889
0.5124	 33.2113
1.3136	 33.3084
0.9272	 33.0519
1.1664	 33.0463
0.6298	 33.2113
0.3231	 34.2161
0.7234	 33.0222
0.7779	 33.0290
0.4398	 32.9633
0.7422	 33.0747
1.0080	 33.0353
1.2379	 32.9454
0.6952	 33.4368
0.4462	 33.0597
0.3985	 33.1367
0.3281	 33.1972
0.3900	 34.1175
0.7923	 33.0199
0.5064	 33.0373
0.7982	 33.3383
1.3124	 33.4228
0.6177	 33.2311
0.6348	 33.3181
0.5596	 33.0166
0.7955	 33.2883
0.5943	 32.9638
0.3585	 33.3604
0.4417	 32.9399
0.4760	 33.1095
0.5491	 33.0530
1.2112	 33.0478
0.3844	 33.2185
0.3184	 33.3021
0.5711	 33.1286
0.7413	 32.9304
0.4837	 33.6478
0.8410	 33.0084
0.4275	 33.1974
0.8866	 33.0212
0.6091	 32.9472
0.4901	 33.3010
0.9865	 32.9488
1.0332	 32.9538
0.6499	 33.2550
0.4340	 33.1634
0.3204	 33.0294
0.5788	 32.9946
0.6355	 33.6658
0.6969	 33.4768
1.0736	 33.1039
0.6600	 32.9374
0.6602	 34.2170
0.6518	 33.0318
0.8838	 33.1877
0.4284	 33.2957
0.6720	 33.1134
0.5260	 33.3120
0.5462	 32.9673
0.8468	 33.0344
0.8336	 33.0315
0.9020	 33.0626
0.7865	 33.0532
0.8990	 34.0280
0.6947	 33.1302
0.4986	 32.9558
0.8889	 33.4217
0.9204	 33.0521
0.4812	 32.9331
0.6043	 33.1494
0.7450	 33.3222
0.4736	 33.2689
0.8704	 33.1358
0.9167	 33.0863
0.5910	 33.2137
0.4941	 33.0924
0.5429	 33.3853
1.2935	 33.0408
0.6314	 32.9756
0.7127	 33.0402
1.1719	 33.1893
0.6103	 33.7153
0.8714	 33.3054
0.7533	 32.9281
0.3284	 34.2026
0.7891	 33.4345
0.7037	 33.0297
0.8609	 33.0705
0.6089	 33.1798
0.6111	 32.9590
0.5940	 33.0576
0.4597	 32.9370
0.5634	 33.0760
0.5491	 33.4347
0.3449	 34.4260
0.3619	 33.1784
0.7144	 33.4356
0.5770	 32.9911
0.4482	 33.2080
1.2367	 33.0394
0.6373	 33.0201
0.4742	 33.0074
0.6991	 33.1614
0.7938	 33.6959
0.7459	 33.2176
0.3313	 33.2641
0.5148	 32.9781
0.8603	 33.0398
0.3198	 33.0813
0.3816	 32.9698
1.1398	 33.0922
0.5042	 32.9399
0.3590	 33.0384
1.0855	 33.4816
0.3746	 33.4689
1.2852	 32.9418
0.4390	 33.5421
0.6675	 33.8947
1.0000	 33.0558
1.1352	 32.9640
0.9716	 33.1062
0.3885	 33.1068
0.5416	 33.2005
0.4577	 33.8579
1.0106	 33.0489
0.5919	 33.0854
0.7497	 33.0578
0.9457	 33.1708
0.7224	 33.0419
0.6984	 32.9805
0.6043	 33.1113
0.5225	 33.1790
0.5917	 33.0537
1.0564	 33.2870
1.0652	 33.3897
0.6221	 32.9294
0.8198	 33.4072
0.5390	 33.0403
0.7690	 33.1020
0.7978	 32.9281
0.4042	 33.7458
0.7276	 33.4179
0.5236	 33.5176
1.0961	 32.9655
0.8946	 33.2646
0.9420	 33.1735
0.3220	 33.3722
0.5628	 33.0787
0.4870	 33.3084
0.6958	 33.0264
0.3611	 33.1625
0.7197	 33.1671
0.4918	 33.3557
0.5435	 33.4989
0.7507	 33.1620
0.6748	 33.2805
0.4660	 33.3407
0.6780	 34.1947
0.4847	 33.0446
1.1353	 33.7286
0.6384	 33.3076
0.6897	 33.1259
0.8907	 32.9904
0.6922	 33.3248
0.6654	 32.9671
0.8608	 33.0987
0.7883	 33.0232
1.1505	 33.3236
0.3137	 32.9789
0.7898	 33.2684
0.6759	 33.4479
1.2527	 33.0341
0.9307	 33.0130
0.3279	 33.1298
0.7309	 33.4734
0.3617	 33.0594
1.0520	 33.1717
0.6274	 33.1692
0.3973	 33.0836
0.6942	 33.2861
0.4294	 33.4181
0.6297	 33.1489
0.8486	 33.2251
0.6162	 33.3504
0.3286	 33.1041
0.3892	 33.0864
0.4687	 32.9414
0.3052	 33.6960
0.3981	 34.4986
0.6305	 34.2438
0.8001	 33.5063
1.0897	 33.0976
0.6416	 33.3093
0.3573	 33.4174
0.7545	 33.4698
0.5113	 32.9430
0.9411	 32.9792
0.3096	 32.9545
0.7961	 32.9412
0.6867	 33.0336
0.7814	 32.9428
0.6338	 33.1538
1.1196	 32.9270
0.7560	 32.9452
0.4789	 32.9810
0.4888	 33.1220
0.3388	 32.9470
0.8211	 33.0136
0.7243	 33.0036
0.5260	 33.6688
0.3658	 33.7898
0.6876	 33.1011
1.1082	 33.4431
0.8477	 33.0771
0.3671	 33.0945
1.3051	 33.1387
0.8226	 33.0377
0.6697	 33.1698
0.6034	 33.0248
0.8342	 33.5426
0.6146	 32.9525
0.4265	 33.2374
0.7777	 33.1757
0.4398	 33.2146
0.3984	 33.0693
1.1766	 33.1307
0.6806	 32.9535
0.6557	 33.0445
0.7785	 33.2359
0.7924	 33.1543
0.8515	 33.1149
0.3000	 33.1432
0.3308	 33.0797
0.6024	 33.7181
0.4707	 33.2700
0.3823	 33.3081
0.7286	 33.0244
0.5435	 33.3299
0.6016	 33.2876
0.6648	 33.6035
1.2475	 33.1116
0.3066	 33.3294
0.5837	 32.9502
0.6091	 33.9857
0.4655	 33.3160
0.9994	 33.1745
0.5439	 33.4993
0.6743	 33.4145
0.3586	 33.2710
0.8076	 33.0987
0.7706	 33.1891
1.1276	 32.9438
0.7317	 34.2524
0.4427	 33.7476
0.3448	 33.0982
0.6137	 33.8861
0.8189	 33.9607
0.6826	 33.2271
0.3862	 33.1139
0.7849	 32.9930
1.1640	 33.4098
0.5368	 33.0907
0.3242	 33.1513
1.0297	 33.2528
0.3575	 33.9007
1.0132	 32.9527
0.6263	 33.3877
0.3296	 34.2149
0.3410	 33.2654
0.3886	 33.1756
1.1392	 32.9343
0.5199	 33.2264
0.5207	 33.2243
0.3476	 33.0770
0.4138	 33.2752
0.4362	 33.0110
0.3477	 33.7880
1.2167	 33.2124
0.6171	 33.0277
0.5174	 33.7454
0.3908	 33.0431
0.6423	 33.2349
0.3275	 33.1381
0.9111	 32.9401
0.6018	 33.6246
0.6289	 33.1064
0.7485	 33.0739
0.3606	 32.9862
0.4901	 32.9691
0.5026	 33.9364
0.6530	 32.9475
0.4698	 32.9987
0.3862	 33.1807
1.0079	 33.4870
0.8067	 32.9634
0.6733	 33.0936
0.6322	 33.1632
0.7171	 33.1493
0.3263	 32.9806
0.7084	 33.1439
1.2365	 33.1099
0.5603	 33.1521
0.9764	 33.0810
0.6038	 33.0200
0.3720	 33.1501
0.9906	 33.2994
0.4679	 33.3671
0.6729	 33.3957
0.4647	 33.5372
0.5842	 33.1595
0.3558	 33.3077
0.3771	 33.3172
0.5372	 33.3821
1.0970	 32.9464
0.5283	 33.5219
0.3938	 32.9397
0.7023	 33.2899
0.7507	 33.0870
1.0040	 32.9611
0.4413	 33.2978
0.4513	 32.9871
0.5465	 33.1417
0.3931	 33.3509
0.6241	 33.0014
0.5480	 33.2799
0.3729	 32.9588
0.8811	 33.4891
0.5577	 33.3225
0.9370	 33.2084
0.8610	 32.9438
0.8292	 33.4624
1.2027	 33.2640
0.5385	 33.5248
0.7895	 33.0127
0.3334	 32.9936
0.6670	 33.0894
0.6533	 33.1092
0.8908	 32.9924
0.4624	 33.1756
0.8967	 32.9299
0.9471	 33.7334
0.6692	 33.9073
0.3306	 33.4739
0.4491	 33.3969
0.7991	 33.3780
0.5691	 33.3108
0.3756	 33.2159
0.5672	 33.0687
0.4730	 33.0078
0.4713	 33.1546
0.3537	 33.6575
1.0338	 33.0083
0.6879	 33.3837
0.5836	 32.9678
0.7070	 33.2141
0.5950	 33.0054
0.4512	 33.3034
0.3606	 33.1753
0.9307	 33.0775
1.1703	 32.9469
1.1865	 33.7536
0.9325	 33.2727
0.6271	 33.1577
0.5563	 33.3516
0.3600	 33.1555
0.7360	 33.6712
0.6402	 33.3898
0.5452	 33.0020
0.4852	 33.0132
0.7917	 33.6556
0.8953	 33.1031
0.8705	 33.4870
0.3835	 32.9976
0.8334	 33.6067
1.0360	 32.9319
1.1981	 33.0149
0.8082	 33.0998
0.3341	 32.9441
0.4361	 33.2319
0.6532	 33.2911
0.9167	 33.5570
0.4182	 33.0586
0.4099	 33.0629
0.8291	 33.4076
0.5402	 33.0435
0.3885	 33.1223
0.3152	 33.3226
0.7995	 33.1238
0.5380	 33.0794
0.9015	 33.0162
0.4734	 32.9358
0.5888	 33.5287
0.4355	 33.4113
0.6041	 33.3895
1.2274	 33.1314
0.8326	 33.1172
0.7836	 33.0180
0.6741	 33.2579
0.5403	 33.1213
1.0630	 33.9158
0.4327	 32.9403
0.3800	 33.1932
0.8386	 33.4428
0.4243	 33.6963
0.7926	 33.2125
0.7567	 32.9985
0.5010	 33.0308
0.4008	 33.2097
0.3933	 33.0043
1.2762	 33.0021
1.0474	 33.1293
0.6835	 33.0736
0.6198	 33.2344
0.3026	 33.1804
0.3517	 32.9591
0.5659	 33.2441
0.5951	 33.2544
0.3956	 33.4888
1.0201	 32.9319
0.8387	 33.1331
0.4454	 33.4520
0.3352	 33.3426
0.9178	 33.0840
0.4821	 33.1665
0.9679	 33.2950
1.1752	 33.1568
0.4728	 32.9940
0.8051	 33.1685
0.3308	 33.3271
0.6279	 32.9736
0.9489	 33.0954
0.3267	 33.3822
0.6106	 33.1264
0.8155	 33.1915
0.3548	 33.9299
0.3301	 33.1690
0.3432	 33.3746
0.6179	 32.9705
1.3196	 32.9877
1.2853	 32.9713
0.6464	 33.1325
0.6905	 32.9289
0.3785	 33.0321
0.7459	 33.0775
0.3503	 32.9930
0.8653	 33.2451
0.9591	 33.0315
0.7505	 33.1688
0.6687	 33.1502
0.9115	 33.0945
0.4682	 33.2634
0.4012	 33.5680
0.6559	 33.0070
0.3290	 32.9795
0.6749	 33.0724
0.6701	 33.1109
0.3913	 32.9349
1.2127	 33.5168
0.7758	 33.0310
0.6558	 33.0696
0.4439	 33.0365
0.3062	 33.2360
0.9197	 33.4545
1.1879	 33.0669
0.5074	 32.9641
0.6739	 33.2656
0.7179	 32.9427
0.8379	 33.0211
0.7438	 33.0402
1.0990	 33.2164
0.3586	 33.3036
1.1349	 33.2534
0.5010	 33.9193
0.4654	 33.8930
0.3343	 33.4663
0.4897	 33.0780
0.9371	 33.4939
0.3794	 33.7001
0.4677	 33.5422
0.7016	 33.4355
0.5583	 33.2110
0.5638	 33.3675
0.5956	 33.0544
0.6475	 33.0022
0.4844	 33.6015
1.1246	 33.3327
0.4545	 33.9162
0.5135	 33.1370
0.7936	 33.3586
0.9374	 33.5233
0.8256	 33.3064
0.8654	 33.1516
1.1353	 33.2680
0.5540	 33.0957
0.6418	 32.9846
0.5020	 32.9582
0.8882	 33.6410
0.6399	 32.9507
0.4911	 33.6247
0.3422	 33.2617
0.9112	 33.0851
0.3380	 33.1929
0.4758	 33.2839
0.3493	 33.2121
0.5260	 33.2129
0.5584	 32.9397
0.9417	 33.0211
0.5027	 33.3660
0.5195	 33.4683
0.3454	 33.1224
0.5579	 32.9981
0.3987	 32.9422
0.3383	 33.0818
0.5559	 32.9897
0.5998	 32.9748
0.7530	 33.1999
0.4821	 33.0516
0.6900	 33.2275
0.8930	 33.8431
0.3837	 33.1060
0.5197	 33.2807
0.5461	 32.9831
0.5035	 33.4795
0.6402	 33.2015
0.4631	 32.9550
0.5372	 32.9826
1.2271	 32.9324
0.3343	 32.9831
0.9994	 32.9823
0.7065	 32.9951
0.4073	 32.9477
0.3857	 33.1228
0.6885	 33.0049
0.3919	 32.9337
0.6995	 32.9364
0.4789	 32.9803
0.8083	 33.0342
0.9981	 33.0066
0.4657	 33.3455
0.9803	 33.0195
0.9147	 32.9842
0.7968	 33.5258
0.4455	 32.9824
0.9680	 33.3734
0.3275	 33.2264
0.5115	 32.9378
0.9505	 32.9797
0.4578	 33.0745
0.3235	 32.9403
0.7805	 33.1728
0.9188	 33.2337
0.5608	 33.2050
0.8980	 32.9625
0.5583	 32.9900
0.3383	 32.9655
0.4067	 33.7122
0.7256	 33.0473
0.7584	 33.1018
0.8430	 33.1567
0.5522	 33.0043
1.2629	 33.0184
0.8261	 33.3106
0.8612	 33.0073
0.8841	 33.1010
0.5482	 33.1661
0.6402	 33.0891
0.4219	 32.9573
0.4334	 33.9020
0.5660	 32.9546
0.6764	 33.1414
0.3286	 33.6443
0.3349	 32.9626
0.5699	 33.0166
0.6141	 33.8544
0.5488	 33.0134
0.7571	 33.0767
0.6994	 33.0323
0.6305	 33.3491
0.6240	 33.0173
0.9846	 32.9922
0.6415	 33.7703
0.6280	 33.6055
0.3733	 33.3120
0.5267	 33.0363
0.6698	 33.1448
0.6868	 32.9823
0.4118	 33.4607
0.5957	 33.1345
0.5322	 32.9840
0.8519	 33.3822
0.5870	 33.2898
0.4175	 33.1007
0.5034	 33.5745
0.3258	 33.1839
0.3910	 33.6233
0.7290	 33.0471
0.3202	 33.3633
0.4691	 33.6017
0.8726	 33.0586
0.9669	 32.9707
0.8008	 33.0646
0.5141	 33.8235
0.8464	 33.0235
0.3111	 33.1916
0.7287	 33.2029
0.7857	 33.4848
0.7721	 32.9313
0.6365	 33.0569
0.4302	 32.9682
0.3093	 33.7938
0.6298	 33.0216
1.2517	 33.0445
0.4418	 33.4599
0.6444	 33.0558
0.6932	 32.9771
0.4499	 33.9857
0.4783	 33.2963
0.6722	 33.0862
0.4144	 32.9886
0.4386	 33.3244
0.5779	 33.1845
0.6022	 33.0824
0.7196	 33.5184
0.5636	 33.9212
0.4964	 33.3223
0.4372	 33.0407
0.8547	 32.9991
0.4898	 33.0607
0.5599	 33.2745
1.0425	 33.1603
0.5809	 33.1646
0.3012	 33.0483
0.6967	 33.8815
0.3965	 33.3118
0.7132	 33.2025
0.9921	 33.1199
0.4282	 33.9140
0.4614	 33.4100
1.0623	 33.0254
0.4770	 33.0878
0.5045	 33.6179
0.6876	 33.2512
1.3023	 33.0389
0.5633	 32.9430
0.5029	 33.1729
0.5709	 33.0855
0.5804	 33.7300
0.8866	 33.5513
0.3363	 33.5148
0.7699	 33.4840
0.7911	 33.3767
0.8568	 33.0370
0.6690	 33.9875
0.5946	 32.9735
0.7183	 32.9372
0.4202	 33.5614
0.7329	 34.3587
0.9922	 33.5347
0.5294	 33.0079
0.7669	 32.9688
0.4252	 33.4548
0.7260	 33.0888
0.5092	 33.0272
0.7404	 32.9991
0.5922	 33.0470
0.5323	 32.9526
0.5669	 33.5206
0.9069	 33.0322
0.7559	 33.1755
0.4475	 32.9273
0.3848	 32.9993
0.6694	 33.5619
0.7152	 33.0468
1.0340	 33.0952
0.4248	 33.4221
0.3590	 33.0089
0.5066	 33.4721
0.5374	 33.0897
0.9774	 33.1642
0.6658	 33.2627
1.0916	 33.1531
0.5320	 33.0623
0.3498	 32.9444
0.7169	 33.0033
0.7851	 33.2818
1.2268	 33.6654
0.3481	 33.4302
0.8176	 33.1050
0.5926	 33.2241
0.7114	 33.6919
0.6510	 33.2174
0.7101	 32.9506
0.9345	 33.3493
0.3106	 33.7863
0.9906	 32.9796
0.3893	 33.3529
0.3420	 33.0463
1.1533	 32.9348
0.5376	 33.3075
0.6541	 32.9931
0.3231	 33.0858
0.5110	 33.0796
0.3187	 33.4200
0.6414	 33.7369
1.0185	 33.0288
0.5821	 33.4631
1.1042	 32.9496
0.4066	 33.3292
0.5920	 33.4570
0.6359	 32.9469
0.6497	 33.0069
0.9501	 32.9689
1.2181	 33.3518
0.6198	 33.5142
0.8438	 33.4344
0.5334	 33.0652
1.2851	 33.1510
0.7687	 33.1594
0.8753	 33.1229
0.4874	 33.3331
0.5645	 33.0188
0.6199	 33.1042
0.8877	 32.9571
0.4639	 33.0377
0.6956	 33.1194
0.7757	 33.1511
0.6984	 33.2385
0.4901	 32.9995
0.4196	 33.4481
0.9764	 33.0826
0.9535	 32.9819
1.1657	 33.0487
0.4783	 32.9564
0.9830	 33.4367
0.4671	 33.7947
0.4633	 33.1308
0.3643	 34.3453
0.6896	 33.8022
0.4525	 33.7792
0.5141	 33.0057
0.3693	 33.0461
0.6980	 33.3991
0.9213	 32.9977
1.0815	 33.1201
0.8040	 33.3535
0.4990	 33.6586
0.6348	 32.9935
0.6031	 33.1797
0.7195	 32.9281
0.4488	 33.4062
0.8728	 33.0089
0.6965	 33.3051
0.3610	 33.5785
0.6867	 33.7729
0.4260	 33.8291
1.2794	 33.3052
0.4714	 33.0747
0.9155	 33.3022
1.1516	 33.4901
0.8895	 33.0564
0.6353	 33.4486
0.7710	 33.4596
0.8539	 33.3442
0.8050	 33.0784
1.0377	 32.9919
0.6051	 33.8436
0.5734	 33.3628
0.4037	 33.2940
0.7184	 34.5745
0.4704	 33.3941
0.7747	 33.0046
0.5519	 33.1372
0.5321	 32.9365
0.4046	 33.1267
0.8171	 33.8381
0.6036	 33.0607
1.1480	 33.0427
0.4944	 32.9345
0.6738	 32.9562
0.3156	 33.1234
0.5933	 33.0125
0.3387	 33.7265
0.3574	 33.4268
0.6498	 33.1728
0.5284	 33.0237
0.9212	 33.0237
0.4285	 33.2467
0.7011	 33.1556
0.7613	 33.1399
0.4451	 33.4912
0.4531	 32.9320
1.0803	 33.0544
0.7269	 32.9982
0.3566	 32.9459
0.4674	 33.0714
0.6848	 33.6472
0.4070	 33.1416
0.8977	 33.4537
0.3632	 33.2034
0.7928	 32.9537
0.9434	 33.0727
0.6820	 33.2401
0.8794	 33.2312
0.9130	 33.0098
0.3101	 33.1504
0.6165	 33.7993
0.6440	 33.0617
1.0784	 33.3819
0.5109	 33.1703
1.1244	 33.0556
1.1363	 32.9929
0.4261	 33.3140
0.4791	 34.5789
0.7362	 33.2316
0.5070	 32.9840
0.7739	 33.0383
0.8656	 33.2891
0.3511	 33.0310
0.5089	 33.2814
0.9867	 33.0992
0.4244	 33.0498
0.4920	 33.0487
0.6034	 33.2916
0.7843	 33.2453
0.4002	 33.2525
1.0147	 33.0495
0.6834	 33.2693
0.6076	 33.1957
0.5444	 32.9468
0.6290	 33.2465
0.4716	 33.2544
0.4549	 33.3744
0.7517	 33.1769
0.9175	 33.2800
0.9631	 33.4987
0.7433	 33.2018
0.5887	 33.0682
0.9593	 32.9806
0.4414	 32.9667
0.9988	 33.0811
0.8935	 33.0106
0.3061	 32.9519
0.4478	 33.2915
0.4661	 33.0379
0.3062	 33.0037
0.4271	 33.5274
0.6664	 33.3824
0.6149	 33.4918
0.3005	 33.2230
0.4217	 33.8212
0.8344	 33.2567
0.5672	 33.1352
0.5953	 33.0204
0.6820	 33.0612
0.6987	 33.2943
0.8736	 33.0814
0.5610	 33.5922
0.7476	 33.6696
0.9778	 33.0233
1.2601	 32.9375
1.1199	 32.9281
0.3043	 34.1348
0.3298	 32.9729
0.9949	 33.2157
0.4442	 34.9268
1.0308	 33.2172
0.7113	 33.3864
0.5716	 33.4448
0.6979	 33.2220
0.3963	 33.0914
0.5772	 32.9885
0.6928	 33.1345
0.8032	 32.9575
0.8460	 32.9959
0.7702	 33.0890
0.8071	 33.0697
0.5467	 33.7418
0.5199	 32.9271
1.0778	 33.1110
1.0939	 33.2705
0.4510	 32.9578
0.5454	 32.9800
1.1117	 33.4001
0.7153	 33.2059
0.7135	 33.1146
0.5457	 32.9405
0.7852	 33.4601
1.0245	 33.0947
0.3761	 33.0658
0.9882	 33.0256
0.5016	 33.0257
0.6823	 32.9320
1.0290	 33.1322
1.0382	 33.0398
0.3710	 33.6111
0.5841	 33.2918
0.9048	 33.0778
0.3895	 33.3171
0.5398	 33.6196
0.6886	 34.7762
0.6948	 33.1140
0.6624	 33.1868
0.7946	 33.2465
0.3125	 33.0363
0.5894	 33.1660
0.5494	 33.1607
0.7610	 33.2846
0.8868	 33.6079
0.7862	 32.9684
0.9083	 33.1850
0.5281	 33.0744
0.4727	 33.3061
0.5617	 33.0443
0.8361	 33.0374
1.1936	 33.0956
0.6711	 33.5972
0.8335	 32.9457
0.3319	 33.0327
0.7332	 33.3337
0.9401	 32.9996
0.8619	 33.0884
0.7576	 33.3939
1.0140	 32.9532
1.2414	 33.4338
0.5181	 33.2580
0.6118	 32.9600
1.1417	 32.9398
1.1681	 33.2603
0.4182	 32.9773
0.5036	 32.9796
0.6816	 32.9985
0.5127	 33.3888
0.5293	 32.9589
0.7732	 33.3144
0.6530	 33.1951
0.6787	 33.7239
0.4635	 33.3722
0.3982	 33.0061
0.6515	 33.3191
0.6904	 33.4875
0.4939	 33.1973
1.2020	 33.0591
0.5144	 33.1824
1.0585	 32.9411
0.9499	 33.1637
0.5527	 32.9602
0.9486	 33.4171
1.1045	 33.3576
1.1734	 33.4335
0.4254	 32.9507
0.4248	 33.2421
1.2832	 33.2034
0.4332	 32.9789
0.5997	 33.0689
0.5186	 33.2837
0.6516	 32.9699
0.6880	 33.1843
0.9625	 32.9318
0.3426	 32.9800
0.6130	 33.2998
0.5283	 33.5642
0.9944	 33.0614
0.7182	 33.2373
0.3421	 33.0753
0.3923	 32.9361
0.3636	 33.4438
0.3147	 33.6278
1.1830	 33.2679
0.5378	 33.0484
0.7983	 33.1604
0.7466	 33.4543
0.3084	 33.7157
0.7414	 32.9408
1.1529	 33.6012
0.4754	 33.0748
0.5358	 33.4513
0.4124	 33.1587
0.5957	 33.3358
0.3805	 34.4024
0.6287	 34.2180
0.5489	 33.1006
0.9885	 33.0699
0.4537	 33.1575
0.8899	 33.1745
0.5411	 33.0123
0.8830	 33.7890
0.6873	 32.9629
0.3568	 32.9690
0.6947	 33.2107
0.4472	 33.3871
0.3738	 33.3134
0.4801	 34.0280
1.3045	 33.0121
0.6277	 32.9974
1.0840	 33.6282
0.4747	 33.2221
0.3376	 33.0074
0.3402	 33.2983
0.4656	 33.3397
0.5667	 33.1476
0.6106	 32.9848
0.4753	 33.0910
0.4421	 33.2686
1.3181	 33.2798
0.8652	 32.9369
0.8198	 32.9736
0.4744	 33.0710
0.5504	 33.0945
0.4667	 32.9511
0.4418	 33.5210
0.8334	 33.6968
0.3323	 33.0216
0.3589	 33.9596
0.3396	 33.3220
0.4113	 33.5938
0.5624	 33.0894
0.4364	 33.7629
0.9581	 33.1375
0.9513	 33.6825
0.4199	 33.2524
0.8831	 33.0876
0.3766	 33.2196
0.4455	 33.5437
1.0231	 32.9306
0.4917	 32.9467
0.5349	 32.9409
0.3789	 33.0726
1.2078	 33.2203
0.6327	 33.0973
0.9060	 33.2855
0.5769	 33.0399
0.5593	 33.0671
0.6433	 33.5194
0.8519	 33.0199
0.7452	 33.7037
0.4365	 33.6105
0.4326	 32.9862
0.6090	 33.1002
1.3145	 33.2075
0.9201	 33.0867
