0.99997443592    5.08204231114    0.853779207938    32.8806209675    
0.567156755783    5.22119064105    0.626638532327    32.7900618746    
1.31991139883    6.13608264263    1.32529787945    32.8207099406    
0.848764913128    9.49475378337    0.731434981633    33.5250060451    
1.01094906771    12.3268442806    0.723294222607    33.3528863993    
1.29880368547    5.09712275342    1.2781620296    32.5685943732    
0.384099940911    5.6193901868    0.352759322845    32.5048324309    
1.23171579912    9.84800847607    1.21171549704    33.0041618064    
0.671567780066    5.26289945987    0.702502805539    32.7160026581    
0.697093493497    5.02201523986    0.731346984331    33.0747804401    
0.774658870284    6.30988991512    0.770230598783    32.8105907369    
0.39312238515    11.5718759727    0.311408430113    33.9583324208    
0.625159992154    6.31359583416    0.619047693075    33.3882545682    
1.27000866173    5.22502354757    1.35291657916    32.8967156435    
0.869298399686    7.35953535312    0.908625839889    32.9419523054    
0.724170781931    7.42926473045    0.678015885192    33.3367558188    
0.364968082326    8.66756519624    0.342893635039    33.4113318288    
0.907788513549    5.20014505761    0.670714644348    32.9732354628    
1.03273479774    5.19069351625    1.01353656993    32.5545127338    
0.884165400132    5.45723694386    0.693769539629    32.9929673975    
0.543947787293    5.35783852506    0.605569441598    33.0389658271    
0.813966550556    19.1418010759    0.89778486426    33.818698214    
0.643051724724    6.6516727129    0.614249223848    33.050400559    
0.465867654463    5.52491727417    0.467223337137    33.2831848437    
0.329006781203    6.26703832525    0.420718225257    32.8964328386    
0.366222453497    6.39420694105    0.358304288189    32.9358590996    
0.982380504214    7.60566118193    1.09075106721    32.9925884198    
0.438085519852    11.7825417149    0.480807358939    33.9407597385    
0.51219116479    8.05039846373    0.54630135361    33.3493132295    
0.597817086447    13.8745020827    0.559633013942    33.7294625173    
1.16749573354    5.4633912873    1.11669927711    32.9975692428    
0.676724674706    5.15509675639    0.68340593747    32.9168935137    
1.03827927982    5.61005968415    0.954809331617    32.7026177418    
0.314118190201    8.62599602044    0.301867420213    33.6861259757    
0.45742601818    5.25159952526    0.539730498339    33.0471123848    
1.28896567504    5.12752478473    1.11538591108    33.0507805863    
1.13496692659    5.40477409172    1.14671879195    32.8325928234    
0.586717546396    6.14198644464    0.60904427515    33.1453029047    
0.599635324651    6.102087557    0.583611032288    33.3719271265    
0.38511139394    5.97272074965    0.362918103933    32.8497331743    
0.729582244274    7.98616786253    0.656243287634    33.3505917667    
0.312654478437    5.93497329652    0.354055791271    33.2048307685    
1.26597438198    5.01069884479    1.19234420109    32.712950421    
1.29894143836    5.62427013098    1.12794683162    32.7655254959    
0.462503121683    7.84306084666    0.515268720306    33.2990075757    
0.437773025176    5.60695283793    0.475862339237    32.9987354891    
0.566420697187    6.13970824263    0.618288479404    32.9819409733    
0.541278137026    5.9918804055    0.418543662288    33.2827195439    
0.861072610115    10.692913286    0.780489360946    33.7008199468    
0.906519337124    5.94657324503    0.912798070674    33.1084375725    
0.480381808057    7.39253727739    0.54531034476    32.7812241385    
0.5645767699    5.8884720321    0.610958247795    32.7927092185    
0.658148649829    6.54890615077    0.675930035472    33.1310602092    
1.27318956018    5.83308141167    1.24682294486    32.8441874926    
0.425163136768    6.86220791416    0.414004663381    33.1175973826    
0.491761001959    8.78997083383    0.371080226338    33.8928635086    
0.570695638661    5.90152564627    0.513787983064    33.0371473017    
0.63204935395    6.24825005534    0.466536977722    32.9545731882    
0.805342587542    11.2637273037    0.759018140017    33.4871180937    
0.695724486098    5.69456136455    0.531251982158    33.2127249729    
1.23580414553    5.44970661198    1.2057871642    32.6629263773    
1.08663374476    12.445048172    0.951155290386    33.8720698462    
1.05642251933    5.43432666546    1.20747519126    32.7596558746    
0.669249048696    5.97042168244    0.599170157    32.986158288    
0.565583549829    8.47676926953    0.690013164861    33.0844493411    
1.09714946362    5.41966582874    0.896004368146    32.6812815328    
0.82807502777    5.26618547187    0.805098725216    32.497669738    
0.333572142002    7.12710797254    0.422534085262    33.5639042122    
0.44188778544    6.59268380577    0.546989541591    33.3347686172    
1.2747952322    5.05698162962    1.44754968974    32.3794893306    
0.537083903246    15.8773893321    0.593153142001    34.0752164338    
0.599000426654    5.25230821781    0.520377022441    32.6183757473    
0.53628655806    5.7182517462    0.424980254349    32.7005486372    
1.31867727359    5.27914676501    1.34198069157    33.0386839426    
0.536237423226    5.15047601194    0.39783252289    32.770108383    
0.460409779576    7.63187234352    0.448896455381    33.0733102914    
0.310269266248    11.7057230801    0.427204540876    33.6570667943    
0.634537775475    7.62948589512    0.703059775152    32.8452332013    
0.422943906924    5.34214559583    0.458791400317    33.4009880762    
0.906449942547    9.30667679555    0.799506094999    33.3241887484    
1.15068534475    5.64385371716    1.09962241071    32.7951792997    
0.599158862494    6.36243454813    0.535356658565    33.4195030376    
0.34795740189    9.6830022036    0.414500490761    33.7089275922    
0.382662925632    5.52589308555    0.342681748054    33.1402465143    
0.53789642599    7.07592655519    0.500620715949    33.3729201914    
0.488133321096    6.9475218626    0.460121649189    33.3494974119    
0.843965554323    12.9157994989    0.771809529308    33.4295220714    
0.714963024938    5.62329996183    0.754621068418    32.9810277363    
0.844948011392    7.30311449398    0.951539917291    33.4328441584    
0.573284335428    5.13578649487    0.51314462141    33.1038420032    
0.61761608754    6.06557452049    0.572691750946    32.9490826856    
0.84521922466    5.23680234323    0.994075988303    32.5006518059    
1.14061964844    5.44854315599    1.00752061196    32.7745203729    
0.885755074105    5.58904158958    1.04939043012    32.641786569    
0.602082359566    5.44940224613    0.581955821609    32.8814659238    
0.867910272197    15.1494480823    0.857474808034    34.1187435884    
0.486628145794    5.46299456132    0.390258623683    33.0961314472    
0.778674990446    5.57789221816    0.68332747872    32.6531029847    
1.2630067398    5.40738496571    1.09784581468    32.8988374018    
0.59706352475    6.02126139398    0.459885810158    33.1924020939    
0.678944343807    7.08374220051    0.626032172277    33.0433299583    
1.03607767622    5.34433487239    0.946856390039    32.7265856684    
1.1943564874    5.13329247929    1.18359413288    32.6161299428    
0.830452617118    9.33996513052    0.936586143837    33.0746896862    
0.339160152627    5.68682987197    0.274618155694    32.7532846919    
0.904203435956    5.78393865319    0.994184981364    33.0553767523    
0.487894350274    5.84019221235    0.483774780135    33.297356513    
1.02008008029    6.6309259103    1.0085728846    33.0280779029    
0.439969050765    9.34873640259    0.394512945087    33.4671665917    
0.721340777661    5.4859276682    0.629315467808    32.7109288493    
0.600349954238    13.7325791587    0.628738004472    33.6821878317    
0.38067609729    13.3039899951    0.434874972946    33.7689653725    
1.16291131262    7.39749143599    1.20898046995    32.7460660224    
0.550819999666    5.05013400289    0.558246441169    33.2064634635    
0.843554627019    5.19996121233    0.733096540476    32.742410918    
0.631543146516    5.54615420442    0.52899758281    32.7397093361    
0.481007593089    9.91707536216    0.528205336026    33.57755349    
0.60143025269    5.22424443478    0.774208495765    32.9307614653    
0.768063369085    5.20012618763    0.584410574979    33.0529996339    
0.619519178235    9.1736525525    0.690370997755    33.2835366552    
0.620461156618    6.333747249    0.713139567239    33.1765588389    
0.884315821496    5.07888016994    0.841612205172    32.9790171565    
0.935395659658    6.57099187849    0.964912379904    33.1786781247    
0.43071432927    6.07639539558    0.528516347073    32.8562334201    
0.433074621851    13.9371789404    0.557489273479    33.9797279454    
1.16536520346    5.13177683248    0.99869363929    32.6838597155    
0.806713928725    6.78705094479    0.789170783496    33.2039858735    
0.541466855607    6.65055395503    0.593969689274    32.9858019016    
0.8535805957    5.17954673236    0.823441466157    32.6705999574    
0.376968463242    17.1589448346    0.438608832068    34.011724607    
0.48860484578    7.45890970062    0.562731788668    33.0992384384    
0.803084774624    6.67102715869    0.631670542781    32.9049433189    
0.52811238426    5.09971283955    0.632611993765    32.9477589188    
1.15318969443    6.4972186438    1.21248793951    32.9730111498    
0.467498601824    5.79167763397    0.364460029822    32.6723386727    
0.601727498096    5.29116276195    0.631832616292    33.0408012892    
0.95085927039    6.4598480938    0.843388051061    33.0941292954    
0.327496309743    5.0016414538    0.311005078228    33.0136207209    
0.466160680273    14.9792538275    0.470314254415    33.9750121252    
1.05786766178    5.00747251023    1.06789985012    33.1534177912    
0.410553897403    10.9196671768    0.387329095487    33.8736692679    
0.577004232078    6.59735213844    0.571664969876    32.9762046204    
0.40515694293    5.05768209681    0.436185308603    32.7467045603    
0.49502420027    6.32803556139    0.592603971246    32.7150853695    
1.14126309859    5.28022311022    1.05383025017    32.8861445198    
0.752911150341    5.19511698927    0.675276000662    32.8912522623    
0.647981490722    5.39590761924    0.703099651105    32.5935418278    
0.453162032428    5.13996285173    0.348815954203    32.8085032462    
0.892219262769    5.00344409334    0.677776175044    32.6906454354    
0.643166470891    5.09661444347    0.526050010171    33.1098444789    
0.600340471956    5.38258706527    0.707868063702    33.0447376963    
0.611244889717    5.49191409737    0.545285268094    33.2076003044    
0.485908029728    6.37808005301    0.337245059393    33.3030856593    
0.803250821256    6.35512503149    0.905190673627    32.9306459812    
0.628549928103    5.81604062103    0.589843486354    32.6250843459    
0.408110880868    23.8656086571    0.299350110364    34.2573813348    
0.388948837871    7.58675942591    0.429740351929    33.2495926648    
1.24814668646    5.82148796005    1.18278118092    33.113114764    
1.05559909561    5.05769348908    1.19406804331    32.5016842944    
0.821170018772    5.39339034711    1.02916536597    33.052291114    
0.327740295823    9.40633713652    0.324788289483    33.5225724634    
0.860679788896    5.54233183283    0.94096601979    32.575997137    
0.725298405976    6.7762168112    0.691361353264    33.0380925806    
0.5342023329    19.9705627759    0.523504092261    33.9331194553    
1.00855559873    5.67503540008    0.966524462886    32.8451166509    
0.511968897663    7.38127142432    0.456269809478    33.4643001531    
0.465717644138    7.91096503037    0.53376291396    33.7390525452    
0.831131765927    5.55019293201    0.833584120233    33.1682611579    
0.374813529514    5.81488877347    0.324774410884    33.2062380749    
0.799872533015    6.03331978089    0.877218945094    33.0684306395    
1.06527333073    5.81160246047    1.24722183617    33.1664265301    
0.769006483035    5.68586803981    0.703097954448    32.7417903401    
0.775434113797    5.30100815191    0.75851806622    32.5963699843    
0.785695229722    5.85110776433    0.844251933358    32.8234276923    
0.631323972929    5.05373943888    0.747315831427    32.5780230215    
0.98217287374    5.15616684519    0.87165179806    32.8345924972    
0.36965820286    5.19831714749    0.377772144528    32.6517433301    
0.920888121725    8.38495561017    0.935425875903    33.3423020722    
0.578710216952    5.14306375039    0.65258407992    32.795452121    
0.68959658173    8.26236488246    0.718957944476    33.870344695    
0.777775221219    5.57867445623    0.806180215334    32.8068574107    
0.723380886104    8.70503794539    0.81654644318    33.3162369128    
0.701186988631    5.36474818059    0.715796104549    32.6745624175    
0.561027419454    6.69074789682    0.525713460344    33.1752301757    
0.353642810535    11.7835591918    0.541232608326    33.873316988    
0.534526754398    8.31384208386    0.434238823488    33.1231876334    
0.878656618414    6.41720738755    0.866376091117    32.9559477595    
1.00956297389    5.47377254017    1.06474527437    32.705957783    
1.08618620842    5.78674973018    0.941203344704    32.7540669255    
0.774284531874    10.3458740371    0.814381159461    33.454936302    
0.444066546691    5.33479110873    0.483493233974    32.9364727819    
0.694325017381    5.58536980912    0.642964858721    32.7311209082    
0.318194656907    5.16059926768    0.301932534177    32.9689665012    
1.08846882144    6.60845622992    1.18616990818    33.2166304205    
0.451656430996    9.03822312333    0.547198658022    33.5552119291    
0.475621432047    15.3916918262    0.593718177727    34.1568570332    
0.819573442637    7.32425458484    0.855177917171    32.9952754399    
0.367154404316    7.04418264131    0.481061119988    33.1300157918    
1.0942832522    6.73871480179    1.24966775459    33.2249851344    
0.824481966194    6.01093990217    0.748254460167    32.807676848    
0.701116140372    6.12962428879    0.69308545347    33.0923265226    
0.743134574923    6.00266449771    0.765356593328    33.2210330794    
0.648440396279    5.06920908673    0.672951657639    32.5940630147    
0.475068240421    7.20583058776    0.417253294837    33.2174529152    
1.16291442353    6.70072868587    1.21989578816    32.6667843974    
0.372920119824    12.0356012047    0.400056940601    33.6832378893    
0.505355767472    5.32509517484    0.572488840728    32.5756324793    
1.04721430316    12.2990916157    0.872296152213    33.3772780219    
0.30945102802    15.6906511923    0.415483541878    33.8330555342    
0.587623215389    5.71313398716    0.716617700191    32.9232312303    
0.395317800188    8.17489146954    0.397980247414    33.2037949625    
0.547563051811    5.50360290534    0.559869863276    32.4616360484    
0.313797819848    5.5137677146    0.148797570886    33.3479633311    
0.897753610021    5.0160419084    0.927999667513    32.8726965669    
1.06542933897    5.90669663721    1.07506008277    32.5626053901    
0.493818502753    6.24876896006    0.462799683204    32.9736423562    
0.699027018625    7.06443272813    0.810800160074    32.9205425275    
0.412511888659    7.77081156121    0.409111559642    33.32679966    
0.437114945619    6.46531724362    0.498889109371    33.2162638338    
0.536496868758    5.50190913006    0.495853096475    32.9948145608    
0.635417614917    6.86487690485    0.631030523531    33.2853055618    
0.652120856666    7.0265191606    0.64563231516    33.0213923044    
1.16815958795    6.26946777635    1.10450173029    33.3350697107    
0.39719098629    7.17080110386    0.444071207158    33.4022299392    
1.06025337138    11.5206021004    1.12124694169    33.487611935    
0.536440750867    7.15841240686    0.433115199422    33.4533312882    
0.509199362245    7.27730556603    0.574804373912    33.4302692955    
0.37823146463    5.60480626394    0.300208570722    33.0553443849    
0.523672332501    6.45522799609    0.513056000469    33.6656578529    
0.956339978245    8.33128120217    1.09292042472    33.4806442371    
0.682611925116    5.11669112598    0.626801825534    32.7678757253    
0.819392722846    6.95113201197    0.707366431071    33.2823051393    
1.05850546551    7.63781145624    1.11114173987    32.9874281367    
0.699133745054    8.19507527825    0.732416157639    33.5355455517    
0.65564796125    5.34631176116    0.52023988852    32.8733090172    
0.817705377165    9.22689580456    0.816340749262    33.2340794109    
0.647917159941    5.29542333274    0.586517146774    33.0089888176    
0.397252324179    5.22552409031    0.475576864084    32.8016069095    
0.541595231525    8.47509962029    0.583357334361    33.378096093    
0.860825569642    5.47384519185    0.772677654101    32.9459060716    
0.604101643758    5.47879348119    0.539862161603    32.8324607957    
0.454561475916    5.47384031813    0.564238730782    33.1552629655    
0.379076788311    5.12350733679    0.264668533462    33.0648354464    
1.2786193719    5.09773620793    1.16908743188    32.5698205954    
0.766818754032    5.77513654549    0.706907087742    33.3188028672    
0.519731964483    16.8832877581    0.658147594671    33.6313230547    
1.02800733827    5.43810188866    0.957794398327    32.9798015624    
0.563773947376    6.96714170021    0.623080252839    33.3051911057    
0.788453336358    5.38395927842    0.732219720621    32.4178888617    
0.476607512533    9.07890855331    0.508292455674    33.5253909744    
0.471207343572    9.31488683315    0.489387508196    33.4286216837    
0.416646372935    5.76476881773    0.348034001463    33.1939559834    
0.48571127141    7.69197419874    0.428707948855    33.5842507462    
0.8153848264    11.9102202915    0.702573634763    33.4784322044    
0.372433014022    6.66324053079    0.500961527968    33.052633474    
0.670231516085    7.26285887985    0.763588599103    33.1683033678    
1.06844053803    5.76856625662    0.97490131609    32.5067421351    
0.35391759546    6.01083945938    0.442617493971    32.9166624339    
0.507072467847    7.05445866718    0.626698917614    33.6203309249    
0.84298172577    8.88466979548    0.982367768786    33.1996593065    
0.755318235839    19.5729083449    0.613907984618    33.9170420001    
1.14560189221    5.26887963781    1.13451662658    32.6689335643    
0.321462385827    7.01436864326    0.419847594836    33.4817036354    
0.322682105379    13.7511088937    0.393398517073    33.8521409084    
0.844621319834    7.40048121409    0.82259237604    33.4660801264    
1.1068942634    6.40140988437    1.10275308644    33.1039661283    
1.13169542704    5.63105758807    1.18621012261    32.6166049471    
0.773488956048    8.07090536542    0.768172925952    33.2307026704    
0.708567630936    5.58791477267    0.793466393879    32.7012435759    
0.726207983579    6.59838919483    0.686660175955    32.4087197569    
0.515106719735    10.8193565768    0.615784077488    33.5856202594    
0.539149022405    5.5740159785    0.618564482827    32.9515067438    
0.560625871892    6.77725214576    0.453794603583    33.3905971324    
0.602290093315    6.65982246538    0.562009724083    33.7662325883    
0.339320997133    5.07396244605    0.274394525784    32.6435500092    
0.364458433597    5.43235046389    0.458646491101    32.8880989523    
0.812696507638    6.22616602768    0.726367459223    33.3494618285    
0.481940592191    5.61714308289    0.475687013851    33.1739474355    
0.358396539973    5.01314508933    0.414435725593    33.4500179253    
0.7209683438    6.3645975357    0.737390008041    33.5795899234    
0.661922078553    5.21562808571    0.542245900074    32.9502162372    
0.389511715228    5.31139274209    0.3798720423    33.0111889209    
0.462931318656    5.90494706332    0.473311566819    33.1584824633    
0.996790010875    7.58765432415    0.974340196052    33.2582232085    
0.667014091775    7.52801204136    0.629933783755    33.3455503585    
0.650804509111    6.52373073527    0.665689389569    33.4189922305    
1.01523441702    9.92238566126    1.03702511263    33.1844658408    
0.475885110143    5.2030527584    0.476844702188    32.7996550398    
1.14287171001    5.35464582036    1.2531634653    32.7445538997    
0.889279869818    10.3758289547    0.862925229726    33.3856787183    
1.13359213865    8.35114167324    1.22957366254    33.0875298077    
0.547542977368    5.62683164863    0.650884432532    33.0750646252    
0.776170696878    5.44748793914    0.874508455806    32.8516409769    
0.372730176149    5.01842068014    0.434335285224    32.4819285119    
0.901522995567    5.13624466417    0.925353113234    32.4163612789    
0.607760122567    6.55331291416    0.554402907678    32.7311012632    
1.1753154301    6.81022240878    1.02537984892    33.1406016302    
0.52971198877    7.64709535242    0.601158425561    33.3014953662    
0.405989816019    9.77892101907    0.440376635596    33.6655016767    
0.765037589561    6.59898774571    0.839171752158    33.0015115314    
0.858093544645    9.08058860338    1.01162410292    33.4815703715    
1.17231266857    9.46550991546    1.05883335568    33.2024508143    
0.627933509082    5.7396567115    0.572309347149    32.904616954    
0.372377730044    13.6231617757    0.34798202753    33.7187104622    
0.871610038456    6.74648889084    1.06720228881    33.0332126914    
0.308870971353    5.05858834689    0.466903122147    32.9314604526    
0.315279619801    15.9740686381    0.280902935974    34.1008481869    
1.16307994422    5.21781634386    0.99378197278    32.4966468475    
0.964363342854    6.44413273221    1.01196497481    32.5520946927    
0.568040337418    9.93782009974    0.579573451649    33.281397217    
0.857530485749    6.19447937816    0.766053244982    32.8811435863    
0.899548085296    5.27478349402    0.806181595076    32.9116661471    
0.500962982247    5.37012764624    0.493630843455    32.7941691029    
0.426460417731    5.40946724859    0.355765113091    32.9457653974    
1.00536255587    7.10962489479    0.763070186188    32.8941974547    
0.472337987945    6.02417653783    0.615726658174    33.1460831722    
0.464563392294    12.2139372051    0.46730731148    33.9463340758    
0.795349826211    5.06924109484    0.89810932449    32.571251489    
0.419464966833    9.65835089718    0.41817142459    33.7607350288    
0.434528010782    6.78199305318    0.526000658056    33.1030279109    
0.676202884086    5.36868104974    0.652272652007    33.0731783631    
0.842877747477    5.16646809166    0.816355095557    32.8619334893    
0.980916231239    10.1176492118    1.15328514201    33.3994412744    
0.682326813607    12.3988748465    0.666364860795    33.3799579033    
1.12909258316    5.04127992633    1.22814873607    32.4191705229    
0.604889408949    5.99306122327    0.626113430162    32.7718955634    
1.08829084952    5.0295762146    1.04000591421    32.6997043245    
0.616189483689    9.93937409605    0.602181359163    33.602838497    
0.342194029662    7.08811967963    0.398215118468    33.4054994578    
0.807832447725    6.40426647609    0.834621562792    32.9334015477    
0.851739839189    5.07232595262    0.723847415455    33.1042380842    
0.903884211609    7.84200797361    0.828806358508    33.2001169687    
0.45301695609    6.60426675977    0.363393277262    33.2465979383    
0.537647942291    9.29064113662    0.53481639127    33.2234469736    
0.624152166382    7.48023207244    0.499611342286    33.5699578104    
0.70896974736    11.4167596885    0.835833531896    33.4561329731    
0.389109160775    6.66339806676    0.36355396582    33.2332824314    
0.599716055754    6.95493416136    0.59739283941    33.3279572699    
0.466907755146    5.25252182516    0.446171399435    32.9803549813    
0.487899161504    5.31180713381    0.471101263605    32.8144761009    
0.940288632804    5.31378022025    0.772954081703    32.7772131622    
0.53023757946    5.14487626621    0.501915875243    32.599908224    
0.628197135201    6.65907465526    0.711753879544    33.3448089585    
0.505114341783    5.10503136299    0.471667215779    32.8983097422    
0.502218120668    5.85742487347    0.583040258242    33.1673056725    
0.440854226441    6.71168181689    0.271210375029    33.0561889091    
0.796966144176    5.75894410342    0.90089945263    33.1751822689    
0.790431848311    20.6856374425    0.72828169812    34.3718732827    
0.856867913068    10.9328357258    0.723504885825    33.6361859332    
0.976343365993    5.23547750553    1.02505047196    32.8094497757    
0.951988477651    6.90273915787    0.88875298809    32.9981047087    
0.801492459181    5.26977638722    0.780615629546    32.8781967577    
0.640026742438    5.21976534823    0.478841762672    32.946216553    
0.81801946774    7.49382620026    0.975011119457    33.1952623902    
0.465066934398    5.12204880484    0.380726791286    33.0066667529    
0.730914787002    10.9985108383    0.727247094199    33.1013853847    
0.863648925026    5.94247221259    0.852359625331    32.773933046    
0.83877296802    7.22716798507    0.78547433403    33.2931290267    
0.460004550091    5.07044188691    0.386813991246    33.0531696723    
0.754430379559    5.60249227361    0.709868629375    32.6360438473    
0.638625446628    10.6890385678    0.569987535239    33.6234294099    
0.370970549875    7.00354197279    0.38299059189    33.6167055323    
1.15968572561    7.74436155904    1.14947507446    33.3562057214    
0.340991009483    5.9366675956    0.446727736138    32.837303203    
0.717107704601    5.41289001678    0.590365394835    33.5142721926    
0.87430918739    5.63580286356    1.00186928361    32.8622762795    
0.309296291801    5.76072114081    0.333165298675    33.0520840478    
0.542763648695    16.2670879688    0.450451858588    33.6473109258    
0.603629695877    5.55172250519    0.628054061858    32.9343061267    
0.736862283722    7.63653707452    0.765751414975    33.3653403836    
0.622285740495    7.21256841005    0.550831002272    33.1671719575    
0.684995415775    7.13128173845    0.658286560695    33.1588818897    
0.355090734132    5.73828465444    0.342708364951    33.3844401418    
0.348811736085    5.39259516185    0.399283975483    33.372485909    
1.30973146085    5.90835393506    1.29525514095    32.8016096403    
0.561560168053    5.22064240746    0.511753006411    32.6453834642    
0.557879703581    5.03280243926    0.579284975864    33.0330128894    
1.29226797636    5.35595806496    1.31499596359    32.8365131961    
0.436552679029    6.69322969439    0.422641274214    33.3902174451    
0.805981446185    6.2972773751    0.716263458953    32.8297157268    
0.430713378579    14.6737007234    0.445777973191    33.9580589402    
0.307651666856    6.97696566205    0.347078196573    33.2921386526    
0.923144771269    6.1230491483    1.02458336887    32.7867395483    
1.00414947927    5.05895319406    1.08096494436    32.396105696    
1.31507620367    8.40256818022    1.21557935358    32.9251094568    
0.76628797076    5.89331902787    0.855658027647    33.0403930256    
0.449130163249    5.23553928892    0.450284746661    32.570193013    
0.495179002186    5.84209794522    0.461109062124    33.1339811263    
0.552284244004    9.00831185849    0.492675388979    33.2790327182    
0.454597695933    5.11627925265    0.42569788523    33.3420387434    
1.1262040083    6.19240728029    1.08914800302    32.8969099643    
0.56026737147    6.28954552225    0.678421922653    33.4655570655    
0.612195677455    8.01890887605    0.595613927577    33.3232052388    
0.458859991038    5.18003121053    0.508083826682    32.8662393406    
0.422212462227    6.05191781303    0.44469922502    33.3579003498    
0.501862007012    8.0539508943    0.456528821373    33.4401885289    
0.982569165524    5.42208433857    0.978672238257    32.9307144503    
1.0139707269    9.09373611576    1.00286004628    33.5383271486    
0.345554400837    9.03484373912    0.42858346206    33.0274116263    
0.539211288004    6.34240871685    0.449690378806    33.1645201179    
0.579891522613    11.0207367447    0.609518055722    33.584230043    
0.520479741639    8.53602332823    0.424014441979    33.4266559608    
0.51136202511    5.72607949899    0.497999807404    32.9338899352    
0.799096028809    5.24841353633    0.839037293695    32.404618023    
0.636221883265    7.01186441944    0.555987347738    33.2397281066    
0.600559564331    27.2673050448    0.571585456713    34.3081769802    
1.0148266737    5.05581417074    1.00978942588    32.7123845901    
1.1074026706    7.95729006603    1.1245029777    33.0784476662    
0.658103154403    5.1983307953    0.569452397146    32.96286273    
0.303362126281    7.47254357864    0.271469243011    32.7672403342    
1.26638003313    5.03911989491    1.19497443161    32.4245237625    
0.737874315327    7.58174429081    0.725134998655    33.2474866938    
1.18553338784    5.12201849136    1.01603357901    32.7909505406    
0.330568459608    5.16565101742    0.417693184013    32.6515208372    
0.381791177878    7.8573313844    0.431602821212    33.5667909157    
0.46585331871    5.88527896525    0.43255046478    32.3516773562    
0.777658794652    6.77259988156    0.797628051485    33.2977543937    
0.676923993788    5.25841220634    0.655653262959    32.9415214717    
1.0810036761    7.28841717059    0.885773147899    33.1755710744    
0.477723259864    6.15252068214    0.584936937893    33.1906933368    
0.530402343096    5.30581974119    0.533749547794    32.8256773892    
0.765905923232    7.58653532417    0.736413842667    33.4861852948    
0.338915655575    10.273502723    0.294512019946    33.8362819289    
1.17269794734    5.82828523656    1.23823991551    32.4530294456    
0.643710997209    24.5924754932    0.544106161342    34.3242341336    
0.335613358933    6.23458159366    0.486402517523    33.3115041969    
0.774643388722    5.62913818063    0.759557105288    32.8187758058    
0.550808845481    5.13061616205    0.53561610987    33.3009126443    
0.980323039745    5.19239189863    0.933009238523    32.6073527647    
0.923295066489    6.2323760201    0.808413020703    33.0053504795    
0.919488888046    5.4715702862    0.790807462169    32.3322488385    
1.03747114563    5.13065968734    1.15455557165    32.5193986478    
0.831412955725    5.21271465698    0.753166421977    33.0848451672    
0.508789532392    9.607846696    0.469571224462    33.5256929722    
0.449113989855    6.31443796515    0.45413144093    33.3441537506    
0.589427635009    5.48563446864    0.533876616087    33.1723031996    
1.02217528228    5.19917296239    0.951294868154    32.7436865029    
1.21056875383    5.02779221547    1.25307419672    32.7525145644    
0.665072965388    5.33218017752    0.653898376644    32.6906197492    
0.480909986547    8.93527295658    0.596951095451    33.5575900059    
0.455579603046    5.32227234326    0.483897950328    33.3498919947    
0.493684294228    5.3819281092    0.603750057342    33.153093305    
0.390021059758    6.9832320525    0.414676868013    33.0471604907    
1.19248683421    7.36460376753    1.20371993722    33.0259964099    
0.738483829196    8.12165837398    0.696693192416    33.3182147944    
1.00372230631    7.46292529385    0.957820041419    33.3447567062    
0.78452150695    7.69373064242    0.775341388021    33.3725939942    
0.438321705401    5.75215629775    0.441654077415    33.2021980634    
0.410048584189    11.5706770497    0.356498921585    33.6989273511    
0.575841999642    6.25760595675    0.633861774963    32.7088761095    
0.989483286912    5.37772504437    1.15437351515    32.5411655499    
0.462920237864    5.49339302402    0.439307983244    33.2993645122    
0.877571263493    5.83696868971    0.93793498319    33.2869244036    
0.356516880775    9.36528366265    0.375483189207    33.6411587991    
0.38347730807    5.75008071487    0.424765967817    33.3719049123    
1.2813663322    5.49603842956    1.30234362743    33.1023747971    
0.42077862616    6.28383066313    0.425136106123    33.1347342834    
0.920588875316    5.28451835559    1.03887176183    33.2939016457    
0.614316621025    12.2802401153    0.584029503323    33.7896081268    
0.95025474926    5.40894771733    1.1100697944    32.7386825774    
1.20904543588    7.7095521436    1.12772724188    33.1937698706    
1.29264808269    6.39497826936    1.24183533786    32.8421034273    
1.15583612858    6.79965677297    1.15322323857    32.764955665    
0.331148119787    5.32813779612    0.231471073364    32.9950280609    
0.645858202359    5.02462642189    0.552214123833    32.7091004609    
0.721920966021    5.9817533708    0.725139614626    33.2284231336    
1.13681516809    5.57341503145    1.21712010466    32.5902087669    
0.558412070114    5.79439302147    0.59358179029    33.1385332182    
0.347390240967    5.29349018002    0.428834864389    33.1991317463    
0.433403207604    5.46272303336    0.337406472501    33.5319578748    
0.438692530257    7.66029561568    0.367437104517    33.4803003522    
0.749607040493    5.38101884446    0.820374926438    32.8222523663    
0.926283588379    7.16761300852    0.822289853302    33.2978884922    
0.301136975017    5.46683249334    0.291036967032    33.1616770206    
0.448450712779    10.684238374    0.431433864664    33.6513139778    
0.763786326903    5.95759982597    0.768621200631    32.9161069007    
0.937280721729    5.07814610803    0.937961291578    32.9920472848    
0.514742861938    5.49737250585    0.49043335947    33.0554202441    
0.383898035396    7.2462844339    0.392793307863    33.1474473793    
0.456035178872    5.96444726336    0.417621721626    33.1150622781    
0.670245632026    14.9497740782    0.661676581791    34.0149195176    
0.699968099891    5.98327210358    0.576634140261    33.1974375134    
0.520206121578    5.0285764387    0.466502161447    32.4790576013    
0.823247762576    6.97864868275    0.871292717491    33.0827148816    
1.07679125333    5.09548546335    1.00587337551    32.798344811    
1.2751103777    5.71319719065    1.24711743884    32.3756892354    
1.06940584282    5.26050154733    0.995404650329    32.3806762087    
1.11872506393    6.93536608677    0.982450458992    33.0576206801    
0.614937209636    5.11474280807    0.622326060911    33.3027031909    
0.611505717423    5.66999498334    0.704699055588    32.6817935758    
0.731709894914    5.49375092339    0.759995474993    32.9559777993    
0.65918325225    5.32698839992    0.584392481752    33.3965395867    
0.456142293775    6.9096232402    0.519906028402    33.2719881388    
0.914487954128    6.46767941333    0.951824748294    32.8339637398    
0.92794672936    6.22990982106    0.87310355032    32.8539102927    
0.915196802387    5.4763438855    0.854744825032    33.0332902922    
0.349823633025    6.01440771985    0.319785407097    32.7998682286    
0.856621801635    5.28726140374    0.94460324347    32.6521957244    
0.583373455271    6.42298980567    0.646325771656    32.6896382483    
0.34178284405    5.44101519853    0.359074177597    32.8402219813    
0.648782981247    7.10751764501    0.802990936705    33.2249190413    
0.707863723641    6.0309335723    0.571904368247    32.3763233277    
0.537314133701    5.52672883969    0.47729333446    32.8536680978    
0.726149712172    6.07803038349    0.635662200531    32.8060911135    
0.334607262013    11.4579562054    0.310183178714    33.5500283975    
0.425057672231    6.35554173093    0.604552889621    33.3215252604    
0.372565831672    5.97532621316    0.374849133076    33.1197051849    
0.650120578895    5.20080653033    0.518917444789    32.8916441062    
0.681777183417    5.60134140106    0.557338204729    33.0770065379    
0.831987791562    5.38238656318    0.785570585267    32.9887634865    
0.991225573543    5.13474747961    1.15113357944    32.4287821123    
0.487668558637    5.37698045225    0.57410163934    33.3007654275    
1.15018541243    6.25148306182    1.06642314192    32.6495210442    
1.226359139    5.23471036695    1.24490853423    32.5314026434    
1.00025803883    15.2239848018    1.10603277147    33.5966582553    
0.66131458318    13.0844992941    0.621485369329    33.6847084132    
0.604744378657    6.23658258485    0.648173936639    33.1159196524    
0.621219674933    7.99944848023    0.549801231405    33.1124223753    
0.950928495822    5.46430066711    0.918915200974    32.4482206302    
0.726803963303    5.22852701234    0.67062892101    32.8989188308    
0.59843563477    6.45581262324    0.724756978291    33.1565768818    
0.52635298547    10.089854678    0.486877018818    33.203781995    
0.47849239366    5.26600917681    0.396941185955    33.1693405101    
0.522156837968    6.32977395483    0.494388136026    33.3734134643    
1.08761866917    6.47115019227    0.906482973613    32.7276319811    
0.754141685531    5.42480154004    0.726389845513    32.9331279575    
0.527034946954    7.42397721728    0.508526878819    33.5558046988    
1.05089539395    5.09803199374    0.951977043184    32.9557048281    
1.1880726673    5.94833465951    1.16610149399    32.7838397451    
1.16976736332    7.05193426718    1.29022884593    33.1956039397    
0.702642224167    6.36611721716    0.653234069214    33.1012664885    
0.452955452055    8.83420302884    0.387583230195    33.5040985092    
0.51038773656    6.89567327586    0.550135470421    32.8933974364    
0.547219265497    6.43913483542    0.5249429101    33.090443793    
1.13214215726    8.27488263777    1.09478097458    32.8269588526    
1.21283909903    5.18276973498    1.32912328118    32.4978656259    
0.504065121716    8.24227651482    0.468364615244    33.4619204419    
1.08309721897    7.57810029603    0.918377738164    33.070388689    
1.25638013352    5.07292724187    1.22758067142    32.6857810582    
0.450188816267    5.23174622512    0.450094635292    32.6726536352    
1.10657910862    9.15093043576    0.977366833325    33.7579626921    
0.567803823311    10.5017849784    0.561141078237    33.6064518678    
0.754433177779    5.26319212669    0.711692510725    33.4601308902    
0.708465158879    5.17787240056    0.759039901386    32.682275179    
0.962784398118    5.90559254973    1.02663361664    33.1734712932    
0.350704377555    9.39175692632    0.376911543318    33.3374888921    
0.87851966869    5.17292565767    0.995834050264    32.8121209392    
0.886011518702    7.17739810537    0.812050960179    33.0618781281    
1.10542953047    5.33874396143    1.00900597039    32.966389835    
0.38470330072    5.75073729084    0.386975037004    33.1149842817    
1.09050910299    5.88229995237    0.959030761307    32.5821863517    
0.720127582982    6.10147566997    0.70588060614    33.0033476984    
0.374707190555    7.88186273837    0.347855433423    33.5777252618    
0.629967637919    8.63774996714    0.57695506681    33.1975805577    
0.341408190849    9.36685183314    0.363053802147    33.5326734409    
0.502565382603    8.79597317038    0.37059037889    33.3121962528    
0.714162263273    14.5064442614    0.872894121339    33.9172713401    
0.955387548836    5.33209475606    0.684605773633    32.9925866732    
0.683942898999    9.60415397979    0.641081866614    33.6235646269    
0.450493081603    5.7722298534    0.396270312563    32.3858792816    
0.361578498027    5.3205025249    0.293447062456    33.1948487858    
0.95821803697    7.5737849943    1.02250362412    33.4218406333    
0.677776932884    8.82123723547    0.667869527613    33.4751104564    
1.09336949402    7.67974083872    1.14528304097    33.3955035083    
0.303087314772    5.94682152745    0.194290684253    33.5001420807    
0.761971646115    7.10005203623    0.664164321625    32.9883917613    
0.916950513252    7.31327520159    0.997860287709    33.207936177    
0.600016169952    6.28168049764    0.515854215859    32.9147332856    
0.522159310878    6.41855093448    0.551514502953    33.1936572362    
0.75252713603    6.87210839851    0.737717003052    32.4861895292    
0.403061461033    5.96175762905    0.470550953609    33.0969601843    
0.520369080708    8.94147039237    0.539125985143    33.6681184337    
0.36175260657    5.26320938379    0.246318423635    32.4115183784    
0.53128295592    5.76028166181    0.51715682233    33.467527008    
0.441473250178    7.28598725955    0.463849657436    33.4005540158    
1.05448297805    6.77827367502    0.894483261302    33.0062585415    
0.862758736028    5.72952148941    1.00345422936    32.5962421578    
1.14021568562    5.29116389481    1.13137086006    32.9406345726    
0.462405039534    5.36478902216    0.491076920329    32.9535590538    
0.668498718222    5.92692707733    0.72520134093    32.9272974566    
1.12704030083    5.12641751964    1.15402108377    32.8023235883    
0.719454768832    6.31094198835    0.720303615066    32.8834538343    
0.515681591708    5.48830964723    0.461848266248    33.3547505079    
1.14616888292    6.96856656889    1.08648203681    32.5945072893    
1.0413552356    12.0501712315    0.99023574708    33.6199223318    
0.462876843267    6.56367666092    0.550933130084    32.9840604541    
0.901708993891    5.07894668182    0.815810563884    32.919120766    
1.20953125985    5.45084151808    1.0287675226    32.9777524502    
0.425015355445    5.6886067485    0.515903593718    33.2138919462    
0.611527665109    5.87266585534    0.589903611026    32.5236954692    
1.04844836153    7.20991025712    1.04535394576    33.4526582011    
0.968702672023    5.51127482405    0.993425830367    32.3304520297    
0.744190258081    5.10713537528    0.724885893305    33.1702526446    
1.00901304079    7.83608469534    0.990586437015    33.5419521381    
1.15664725938    5.36760166409    1.14872392072    32.9598087709    
0.428266102116    28.4557756606    0.436452017799    34.2067019475    
0.454722377074    8.25415832347    0.465238521752    33.3425968247    
0.590617583506    6.18280431271    0.583864772698    33.3720412916    
0.671901969794    7.70539674801    0.581696715815    33.1123991721    
0.455071807417    5.34702413967    0.493009729527    33.2115127441    
0.504899057369    5.62920872743    0.491690759943    33.0437157691    
1.30575663579    6.8399930249    1.04886623839    32.8691393336    
0.342322115276    5.70968690727    0.264912762891    33.2903344164    
0.758809432252    11.8956856898    0.89855594989    33.3886471436    
0.663991850192    6.55204138754    0.551010553922    33.5279649565    
0.554112046414    10.9151857752    0.592615861514    33.8077504183    
0.847041568083    5.14228532747    0.737222020406    32.9829494595    
0.326248414455    6.48827215135    0.318126901804    33.5832249686    
0.568898898413    9.24373778241    0.593549168822    33.5520735347    
0.669576896273    13.8461819022    0.868079424906    33.6058814587    
1.30938883011    7.8944881341    1.15540470586    33.3973106255    
0.884827823274    5.57552504365    0.922147479521    33.2713964981    
0.405841458209    5.08654807468    0.385891245723    32.8333244767    
0.607393975827    6.03382884957    0.812685815091    33.2722264285    
1.14129104423    6.2907473668    0.989518099831    32.9796818255    
0.593996440707    10.2403927127    0.578039411033    33.4205391352    
0.955046657911    6.37257950572    1.00602565304    32.3903291956    
0.72364787123    7.21534907391    0.6284867648    33.6158609676    
0.425148809554    5.83568035413    0.410761539499    33.1040564172    
0.99160413513    10.5072057684    1.03141141209    33.7816550497    
0.877063959936    6.23914418894    0.827248126467    33.1576058911    
0.379296598143    7.22948911015    0.366198397722    33.2643085244    
0.713212957131    11.4005569121    0.711210303729    33.4582432239    
1.15245065972    5.5312126485    1.2540460703    32.9493971762    
0.428803499089    5.49978486675    0.466869032151    32.4633105428    
1.27062107939    8.57669043518    1.20475749137    33.2118386879    
0.320203851141    8.02414154312    0.21856313224    33.5843955401    
0.844370529835    6.11199169651    1.01533966123    32.757539777    
0.723807587402    7.5184673304    0.736373398225    32.9155007636    
